0 -213675.1526820239669178
50 -215937.1366786503058393
100 -216048.7981260191590991
150 -216049.6959544100973289
200 -216051.4070494415645953
250 -216053.8083824988862034
300 -216056.8135205232538283
350 -216060.3585280452389270
400 -216064.3895313555258326
450 -216068.8555612705531530
500 -216073.7038735769456252
550 -216078.8784556499158498
600 -216084.3213831732573453
650 -216089.9749466938665137
700 -216095.6838113018893637
750 -216100.6876605744182598
800 -216105.2845989742490929
850 -216109.5474484136502724
900 -216113.5079026547900867
950 -216117.1923665400827304
1000 -216159.6449373726209160
1050 -216164.0871269066992681
1100 -216164.4900440379569773
1150 -216164.7736616621841677
1200 -216164.9744068747968413
1250 -216165.1818986376456451
1300 -216165.3909714433539193
1350 -216165.5973133118241094
1400 -216165.7682231906510424
1450 -216165.9165666115295608
1500 -216166.0509909665852319
1550 -216166.1752944913459942
1600 -216166.2921654402161948
1650 -216166.4035293865890708
1700 -216166.5107668879500125
1750 -216166.6148696653253864
1800 -216166.7165518559049815
1850 -216166.8163289299118333
1900 -216166.9145745926944073
1950 -216167.0115612823283300
2000 -216168.2627315090503544
2050 -216168.4109872492554132
2100 -216168.4213655931816902
2150 -216168.4398716908181086
2200 -216168.4664195686927997
2250 -216168.5009433733648621
2300 -216168.5433684395393357
2350 -216168.5936055509955622
2400 -216168.6515523682464845
2450 -216168.7170964956749231
2500 -216168.7901176692394074
2550 -216168.8704891299712472
2600 -216168.9580812037747819
2650 -216169.0527630723954644
2700 -216169.1544039058790077
2750 -216169.2540775943489280
2800 -216169.3506933016469702
2850 -216169.4463094155071303
2900 -216169.5411067020322662
2950 -216169.6351262217503972
3000 -216169.7499289567349479
3050 -216169.8121320228383411
3100 -216169.8269082223414443
3150 -216169.8506135174538940
3200 -216169.8825700248125941
3250 -216169.9229455867898650
3300 -216169.9715174305601977
3350 -216170.0278933658264577
3400 -216170.0916868854837958
3450 -216170.1625632752839010
3500 -216170.2402568038960453
3550 -216170.3245722451829351
3600 -216170.4153733876592014
3650 -216170.5119312166352756
3700 -216170.6031337955500931
3750 -216170.6922586889413651
3800 -216170.7802977719402406
3850 -216170.8674751337675843
3900 -216170.9539224986801855
3950 -216171.0397403721872251
4000 -216171.1250016363337636
4050 -216171.2097602386784274
4100 -216171.2940582009032369
4150 -216171.3779280394956004
4200 -216171.4613963742449414
4250 -216171.5444856573594734
4300 -216171.6272155870683491
4350 -216171.7096038898453116
4400 -216171.7916667349927593
4450 -216171.8734190755931195
4500 -216171.9548749189125374
4550 -216172.0360475349007174
4600 -216172.1169496934744529
4650 -216172.1975937249080744
4700 -216172.2779916126455646
4750 -216172.3581550569215324
4800 -216172.4380954792723060
4850 -216172.5178240610985085
4900 -216172.5973517309757881
4950 -216172.6766891931183636
5000 -216172.7558469032519497
5050 -216172.8348351130553056
5100 -216172.9136638068594038
5150 -216172.9923427597968839
5200 -216173.0708814992103726
5250 -216173.1492893211252522
5300 -216173.2275752771529369
5350 -216173.3057481990836095
5400 -216173.3838166666682810
5450 -216173.4617890402150806
5500 -216173.5396734341047704
5550 -216173.6174777476117015
5600 -216173.6952096327731851
5650 -216173.7728765271604061
5700 -216173.8504856537037995
5750 -216173.9280439897847828
5800 -216174.0055583228531759
5850 -216174.0830352032789961
5900 -216174.1604809715645388
5950 -216174.2379017778439447
6000 -216174.3153035409632139
6050 -216174.3926919936493505
6100 -216174.4700726586743258
6150 -216174.5474508585175499
6200 -216174.6248317172867246
6250 -216174.7022201738145668
6300 -216174.7796209608495701
6350 -216174.8570386286010034
6400 -216174.9344775320205372
6450 -216175.0119418330723420
6500 -216175.0894355142081622
6550 -216175.1669623597699683
6600 -216175.2445259796804748
6650 -216175.3221297851123381
6700 -216175.3997770012065303
6750 -216175.4774706678290386
6800 -216175.5552136396581773
6850 -216175.6330085814406630
6900 -216175.7108579718042165
6950 -216175.7887640920816921
7000 -216175.8667290320445318
7050 -216175.9447546963056084
7100 -216176.0228427909023594
7150 -216176.1009948276041541
7200 -216176.1792121132020839
7250 -216176.2574957588803954
7300 -216176.3358466743957251
7350 -216176.4142655682226177
7400 -216176.4927529294218402
7450 -216176.5713090548815671
7500 -216176.6499339980655350
7550 -216176.7286276406957768
7600 -216176.8073895979032386
7650 -216176.8862193018139806
7700 -216176.9651159397617448
7750 -216177.0440784720994998
7800 -216177.1231056255637668
7850 -216177.2021958994155284
7900 -216177.2813475527509581
7950 -216177.3605586026969831
8000 -216177.4398268117220141
8050 -216177.5191497034975328
8100 -216177.5985245537012815
8150 -216177.6779483812279068
8200 -216177.7574179251096211
8250 -216177.8369297001918312
8300 -216177.9164799399732146
8350 -216177.9960645997780375
8400 -216178.0756793913315050
8450 -216178.1553197422472294
8500 -216178.2349808083672542
8550 -216178.3146574776037596
8600 -216178.3943443699972704
8650 -216178.4740358116396237
8700 -216178.5537258753611241
8750 -216178.6334083464462310
8800 -216178.7130767517664935
8850 -216178.7927243344020098
8900 -216178.8723440754401963
8950 -216178.9519286915601697
9000 -216179.0314706342469435
9050 -216179.1109620934585109
9100 -216179.1903950210544281
9150 -216179.2697611203184351
9200 -216179.3490518435428385
9250 -216179.4282584272732493
9300 -216179.5073718848580029
9350 -216179.5863830138114281
9400 -216179.6652824091434013
9450 -216179.7440604931907728
9500 -216179.8227074937894940
9550 -216179.9012134948861785
9600 -216179.9795684203854762
9650 -216180.0577620752155781
9700 -216180.1357841439603362
9750 -216180.2136242135893553
9800 -216180.2912718167644925
9850 -216180.3687163984577637
9900 -216180.4459473811439238
9950 -216180.5229541839798912
10000 -216180.6114753691072110
10050 -216180.6746080837328918
10100 -216180.6918298240925651
10150 -216180.7185751959914342
10200 -216180.7541961724055000
10250 -216180.7986133825615980
10300 -216180.8514420456194784
10350 -216180.9121715390938334
10400 -216180.9802828987885732
10450 -216181.0552956508181524
10500 -216181.1367886419466231
10550 -216181.2244002981460653
10600 -216181.3178150311869103
10650 -216181.4129000284883659
10700 -216181.5015250049182214
10750 -216181.5878372160950676
10800 -216181.6723857139877509
10850 -216181.7553769951045979
10900 -216181.8369587690103799
10950 -216181.9172445010044612
11000 -216181.9963227731350344
11050 -216182.0742634005728178
11100 -216182.1511235956568271
11150 -216182.2269510179758072
11200 -216182.3017869166797027
11250 -216182.3756682689709123
11300 -216182.4486289090127684
11350 -216182.5206997287168633
11400 -216182.5919088509399444
11450 -216182.6622821374330670
11500 -216182.7318436123896390
11550 -216182.8006158819771372
11600 -216182.8686203430697788
11650 -216182.9358773023996036
11700 -216183.0024061469011940
11750 -216183.0682253983395640
11800 -216183.1333527821407188
11850 -216183.1978053583297879
11900 -216183.2615993873332627
11950 -216183.3247505035542417
12000 -216183.4026962741336320
12050 -216183.4649622745346278
12100 -216183.4822384532017168
12150 -216183.5083679251838475
12200 -216183.5425937166728545
12250 -216183.5846467336232308
12300 -216183.6339332207280677
12350 -216183.6897180193918757
12400 -216183.7512566400109790
12450 -216183.8178643740247935
12500 -216183.8889533074689098
12550 -216183.9640416022739373
12600 -216184.0427424928348046
12650 -216184.1177628026052844
12700 -216184.1875678020587657
12750 -216184.2547669529740233
12800 -216184.3197798568580765
12850 -216184.3828885366674513
12900 -216184.4443134683242533
12950 -216184.5042304210655857
13000 -216184.5627850106684491
13050 -216184.6200995700201020
13100 -216184.6762782628356945
13150 -216184.7314113971078768
13200 -216184.7855781401449349
13250 -216184.8388485432078596
13300 -216184.8912851124478038
13350 -216184.9429438081861008
13400 -216184.9938747189880814
13450 -216185.0441227070114110
13500 -216185.0937279699719511
13550 -216185.1427266114042141
13600 -216185.1911511069629341
13650 -216185.2390307284367736
13700 -216185.2863918789371382
13750 -216185.3332584099844098
13800 -216185.3796518934250344
13850 -216185.4255918441922404
13900 -216185.4710959692602046
13950 -216185.5161803117371164
14000 -216185.5697017884522211
14050 -216185.6306830966786947
14100 -216185.6440703778062016
14150 -216185.6652149666624609
14200 -216185.6929367713746615
14250 -216185.7269285825605039
14300 -216185.7666059396578930
14350 -216185.8112164794583805
14400 -216185.8599881602858659
14450 -216185.9122162816638593
14500 -216185.9673175046336837
14550 -216186.0248479849542491
14600 -216186.0844932738982607
14650 -216186.1404813610133715
14700 -216186.1921997593017295
14750 -216186.2416101524431724
14800 -216186.2891515298688319
14850 -216186.3351132810639683
14900 -216186.3797209527110681
14950 -216186.4231524808274116
15000 -216186.4655516504135448
15050 -216186.5070371301844716
15100 -216186.5477075022645295
15150 -216186.5876455881225411
15200 -216186.6269216915534344
15250 -216186.6655957456969190
15300 -216186.7037191498093307
15350 -216186.7413361773360521
15400 -216186.7784850820025895
15450 -216186.8151990381593350
15500 -216186.8515069288550876
15550 -216186.8874339132162277
15600 -216186.9230019694077782
15650 -216186.9582304007199127
15700 -216186.9931361699709669
15750 -216187.0277342322515324
15800 -216187.0620378025341779
15850 -216187.0960586174624041
15900 -216187.1298071114870254
15950 -216187.1632926205638796
16000 -216187.1965234834933653
16050 -216187.2295072129927576
16100 -216187.2622506125480868
16150 -216187.2947598072350956
16200 -216187.3270403829810675
16250 -216187.3590974321705289
16300 -216187.3909356275980826
16350 -216187.4225592836155556
16400 -216187.4539723803172819
16450 -216187.4851786061190069
16500 -216187.5161814073799178
16550 -216187.5469840072328225
16600 -216187.5775894142570905
16650 -216187.6080004793475382
16700 -216187.6382198811625130
16750 -216187.6682501717004925
16800 -216187.6980937698390335
16850 -216187.7277529911953025
16900 -216187.7572300333122257
16950 -216187.7865270214679185
17000 -216187.8156459852471016
17050 -216187.8445888937567361
17100 -216187.8733576406084467
17150 -216187.9019540498848073
17200 -216187.9303798983455636
17250 -216187.9586369159223977
17300 -216187.9867267679073848
17350 -216188.0146511036437005
17400 -216188.0424114919442218
17450 -216188.0700095024658367
17500 -216188.0974466470652260
17550 -216188.1247244119876996
17600 -216188.1518442484957632
17650 -216188.1788075889053289
17700 -216188.2056158166960813
17750 -216188.2322703231475316
17800 -216188.2587724383047316
17850 -216188.2851234957342967
17900 -216188.3113248009176459
17950 -216188.3373776216176338
18000 -216188.3632832308358047
18050 -216188.3890428641461767
18100 -216188.4146577426872682
18150 -216188.4401290794194210
18200 -216188.4654580601782072
18250 -216188.4906458487675991
18300 -216188.5156936063140165
18350 -216188.5406024658004753
18400 -216188.5653735647210851
18450 -216188.5900080017745495
18500 -216188.6145068751065992
18550 -216188.6388712753250729
18600 -216188.6631022521469276
18650 -216188.6872008806094527
18700 -216188.7111681905807927
18750 -216188.7350052213296294
18800 -216188.7587129793828353
18850 -216188.7822924774663989
18900 -216188.8057447114260867
18950 -216188.8290706642728765
19000 -216188.8522713019046932
19050 -216188.8753475893754512
19100 -216188.8983004695619456
19150 -216188.9211308925878257
19200 -216188.9438397825288121
19250 -216188.9664280542929191
19300 -216188.9888966227299534
19350 -216189.0112463881669100
19400 -216189.0334782309946604
19450 -216189.0555930381815415
19500 -216189.0775916678539943
19550 -216189.0994750050595030
19600 -216189.1212438768416177
19650 -216189.1428991483990103
19700 -216189.1644416360650212
19750 -216189.1858721821336076
19800 -216189.2071915917040315
19850 -216189.2284006805275567
19900 -216189.2495002531795762
19950 -216189.2704910925531294
20000 -216189.2913739910582080
20001 -216189.2913739910582080
