0 -724.6032663498943975
10 -725.4741091403592463
20 -726.7483653956468288
30 -727.3630884684314424
40 -727.5410489655681658
50 -727.5870021379927266
60 -727.6037354999408535
70 -727.6158518948509482
80 -727.6240327082942940
90 -727.6295173635368201
100 -727.6337736177307534
110 -727.6369762681705424
120 -727.6390999083579345
130 -727.6401411758092763
140 -727.6403304901419915
150 -727.6403533947690221
160 -727.6403653132175577
170 -727.6403693005526065
180 -727.6403738082370865
190 -727.6403773677745903
200 -727.6403787078795631
210 -727.6403787809061896
220 -727.6403787827565566
230 -727.6403787862059289
240 -727.6403787910202254
250 -727.6403787968578172
260 -727.6403788033071578
270 -727.6403788099199801
280 -727.6403788162355113
290 -727.6403788218128739
300 -727.6403788262673515
310 -727.6403788292944910
320 -727.6403788307079594
330 -727.6403788308239200
340 -727.6403788308260800
350 -727.6403788308272169
360 -727.6403788308316507
370 -727.6403788308354024
380 -727.6403788308393814
390 -727.6403788308455205
400 -727.6403788308507501
410 -727.6403788308559797
420 -727.6403788308604135
430 -727.6403788308643925
440 -727.6403788308676894
450 -727.6403788308696221
460 -727.6403788308715548
470 -727.6403788308720095
480 -727.6403788308718958
490 -727.6403788308729190
500 -727.6403788308722369
510 -727.6403788308724643
520 -727.6403788308724643
530 -727.6403788308725780
540 -727.6403788308731464
550 -727.6403788308724643
560 -727.6403788308723506
570 -727.6403788308731464
580 -727.6403788308722369
590 -727.6403788308731464
600 -727.6403788308729190
610 -727.6403788308726917
620 -727.6403788308729190
630 -727.6403788308729190
640 -727.6403788308726917
650 -727.6403788308729190
660 -727.6403788308725780
670 -727.6403788308729190
680 -727.6403788308729190
690 -727.6403788308723506
700 -727.6403788308728053
710 -727.6403788308732601
720 -727.6403788308729190
730 -727.6403788308725780
740 -727.6403788308730327
750 -727.6403788308724643
760 -727.6403788308723506
770 -727.6403788308728053
780 -727.6403788308728053
790 -727.6403788308726917
800 -727.6403788308720095
810 -727.6403788308722369
820 -727.6403788308726917
830 -727.6403788308725780
840 -727.6403788308726917
850 -727.6403788308730327
860 -727.6403788308722369
870 -727.6403788308725780
880 -727.6403788308721232
890 -727.6403788308726917
900 -727.6403788308732601
910 -727.6403788308722369
920 -727.6403788308724643
930 -727.6403788308724643
940 -727.6403788308723506
950 -727.6403788308724643
960 -727.6403788308733738
970 -727.6403788308721232
980 -727.6403788308726917
990 -727.6403788308717822
1000 -727.6403788308729190
1010 -727.6403788308723506
1020 -727.6403788308725780
1030 -727.6403788308730327
1040 -727.6403788308728053
1050 -727.6403788308731464
1060 -727.6403788308726917
1070 -727.6403788308722369
1080 -727.6403788308724643
1090 -727.6403788308725780
1100 -727.6403788308725780
1110 -727.6403788308723506
1120 -727.6403788308724643
1130 -727.6403788308723506
1140 -727.6403788308721232
1150 -727.6403788308723506
1160 -727.6403788308728053
1170 -727.6403788308726917
1180 -727.6403788308730327
1190 -727.6403788308726917
1200 -727.6403788308718958
1210 -727.6403788308724643
1220 -727.6403788308729190
1230 -727.6403788308722369
1240 -727.6403788308725780
1250 -727.6403788308726917
1260 -727.6403788308725780
1270 -727.6403788308731464
1280 -727.6403788308723506
1290 -727.6403788308724643
1300 -727.6403788308726917
1310 -727.6403788308729190
1320 -727.6403788308724643
1330 -727.6403788308726917
1340 -727.6403788308725780
1350 -727.6403788308725780
1360 -727.6403788308729190
1370 -727.6403788308717822
1380 -727.6403788308729190
1390 -727.6403788308723506
1400 -727.6403788308726917
1410 -727.6403788308725780
1420 -727.6403788308731464
1430 -727.6403788308728053
1440 -727.6403788308726917
1450 -727.6403788308724643
1460 -727.6403788308726917
1470 -727.6403788308724643
1480 -727.6403788308731464
1490 -727.6403788308726917
1500 -727.6403788308724643
1510 -727.6403788308725780
1520 -727.6403788308724643
1530 -727.6403788308726917
1540 -727.6403788308724643
1550 -727.6403788308728053
1560 -727.6403788308725780
1570 -727.6403788308730327
1580 -727.6403788308731464
1590 -727.6403788308728053
1600 -727.6403788308726917
1610 -727.6403788308732601
1620 -727.6403788308733738
1630 -727.6403788308733738
1640 -727.6403788308731464
1650 -727.6403788308733738
1660 -727.6403788308731464
1670 -727.6403788308722369
1680 -727.6403788308729190
1690 -727.6403788308722369
1700 -727.6403788308729190
1710 -727.6403788308724643
1720 -727.6403788308724643
1730 -727.6403788308733738
1740 -727.6403788308731464
1750 -727.6403788308731464
1760 -727.6403788308731464
1770 -727.6403788308729190
1780 -727.6403788308725780
1790 -727.6403788308728053
1800 -727.6403788308731464
1810 -727.6403788308724643
1820 -727.6403788308724643
1830 -727.6403788308721232
1840 -727.6403788308723506
1850 -727.6403788308723506
1860 -727.6403788308733738
1870 -727.6403788308732601
1880 -727.6403788308730327
1890 -727.6403788308728053
1900 -727.6403788308729190
1910 -727.6403788308736011
1920 -727.6403788308733738
1930 -727.6403788308726917
1940 -727.6403788308731464
1950 -727.6403788308721232
1960 -727.6403788308724643
1970 -727.6403788308724643
1980 -727.6403788308728053
1990 -727.6403788308723506
2000 -727.6403788308724643
2010 -727.6403788308723506
2020 -727.6403788308723506
2030 -727.6403788308723506
2040 -727.6403788308723506
2050 -727.6403788308731464
2060 -727.6403788308724643
2070 -727.6403788308730327
2080 -727.6403788308729190
2090 -727.6403788308726917
2100 -727.6403788308724643
2110 -727.6403788308722369
2120 -727.6403788308724643
2130 -727.6403788308723506
2140 -727.6403788308725780
2150 -727.6403788308726917
2160 -727.6403788308726917
2170 -727.6403788308728053
2180 -727.6403788308729190
2190 -727.6403788308724643
2200 -727.6403788308729190
2210 -727.6403788308728053
2220 -727.6403788308726917
2230 -727.6403788308724643
2240 -727.6403788308730327
2250 -727.6403788308731464
2260 -727.6403788308728053
2270 -727.6403788308731464
2280 -727.6403788308729190
2290 -727.6403788308729190
2300 -727.6403788308731464
2310 -727.6403788308726917
2320 -727.6403788308724643
2330 -727.6403788308724643
2340 -727.6403788308729190
2350 -727.6403788308724643
2360 -727.6403788308724643
2370 -727.6403788308728053
2380 -727.6403788308723506
2390 -727.6403788308725780
2400 -727.6403788308721232
2410 -727.6403788308724643
2420 -727.6403788308729190
2430 -727.6403788308724643
2440 -727.6403788308728053
2450 -727.6403788308725780
2460 -727.6403788308725780
2470 -727.6403788308724643
2480 -727.6403788308720095
2490 -727.6403788308721232
2500 -727.6403788308721232
2510 -727.6403788308724643
2520 -727.6403788308725780
2530 -727.6403788308722369
2540 -727.6403788308722369
2550 -727.6403788308721232
2560 -727.6403788308724643
2570 -727.6403788308722369
2580 -727.6403788308716685
2590 -727.6403788308716685
2600 -727.6403788308724643
2610 -727.6403788308718958
2620 -727.6403788308722369
2630 -727.6403788308720095
2640 -727.6403788308726917
2650 -727.6403788308720095
2660 -727.6403788308720095
2670 -727.6403788308723506
2680 -727.6403788308725780
2690 -727.6403788308723506
2700 -727.6403788308725780
2710 -727.6403788308730327
2720 -727.6403788308729190
2730 -727.6403788308722369
2740 -727.6403788308716685
2750 -727.6403788308717822
2760 -727.6403788308720095
2770 -727.6403788308722369
2780 -727.6403788308724643
2790 -727.6403788308722369
2800 -727.6403788308723506
2810 -727.6403788308729190
2820 -727.6403788308726917
2830 -727.6403788308720095
2840 -727.6403788308720095
2850 -727.6403788308723506
2860 -727.6403788308722369
2870 -727.6403788308725780
2880 -727.6403788308726917
2890 -727.6403788308721232
2900 -727.6403788308721232
2910 -727.6403788308722369
2920 -727.6403788308720095
2930 -727.6403788308720095
2940 -727.6403788308725780
2950 -727.6403788308724643
2960 -727.6403788308724643
2970 -727.6403788308726917
2980 -727.6403788308728053
2990 -727.6403788308724643
3000 -727.6403788308717822
3010 -727.6403788308725780
3020 -727.6403788308720095
3030 -727.6403788308723506
3040 -727.6403788308718958
3050 -727.6403788308726917
3060 -727.6403788308725780
3070 -727.6403788308723506
3080 -727.6403788308724643
3090 -727.6403788308720095
3100 -727.6403788308729190
3110 -727.6403788308724643
3120 -727.6403788308718958
3130 -727.6403788308724643
3140 -727.6403788308720095
3150 -727.6403788308720095
3160 -727.6403788308722369
3170 -727.6403788308723506
3180 -727.6403788308722369
3190 -727.6403788308724643
3200 -727.6403788308728053
3210 -727.6403788308720095
3220 -727.6403788308725780
3230 -727.6403788308729190
3240 -727.6403788308728053
3250 -727.6403788308731464
3260 -727.6403788308726917
3270 -727.6403788308724643
3280 -727.6403788308726917
3290 -727.6403788308729190
3300 -727.6403788308722369
3310 -727.6403788308723506
3320 -727.6403788308726917
3330 -727.6403788308724643
3340 -727.6403788308722369
3350 -727.6403788308720095
3360 -727.6403788308720095
3370 -727.6403788308721232
3380 -727.6403788308722369
3390 -727.6403788308720095
3400 -727.6403788308724643
3410 -727.6403788308723506
3420 -727.6403788308725780
3430 -727.6403788308723506
3440 -727.6403788308726917
3450 -727.6403788308721232
3460 -727.6403788308723506
3470 -727.6403788308718958
3480 -727.6403788308723506
3490 -727.6403788308724643
3500 -727.6403788308730327
3510 -727.6403788308724643
3520 -727.6403788308721232
3530 -727.6403788308723506
3540 -727.6403788308721232
3550 -727.6403788308723506
3560 -727.6403788308726917
3570 -727.6403788308724643
3580 -727.6403788308723506
3590 -727.6403788308724643
3600 -727.6403788308724643
3610 -727.6403788308724643
3620 -727.6403788308724643
3630 -727.6403788308722369
3640 -727.6403788308724643
3650 -727.6403788308722369
3660 -727.6403788308721232
3670 -727.6403788308718958
3680 -727.6403788308721232
3690 -727.6403788308724643
3700 -727.6403788308725780
3710 -727.6403788308718958
3720 -727.6403788308716685
3730 -727.6403788308726917
3740 -727.6403788308723506
3750 -727.6403788308721232
3760 -727.6403788308721232
3770 -727.6403788308721232
3780 -727.6403788308717822
3790 -727.6403788308718958
3800 -727.6403788308718958
3810 -727.6403788308726917
3820 -727.6403788308720095
3830 -727.6403788308724643
3840 -727.6403788308722369
3850 -727.6403788308723506
3860 -727.6403788308723506
3870 -727.6403788308724643
3880 -727.6403788308724643
3890 -727.6403788308720095
3900 -727.6403788308721232
3910 -727.6403788308728053
3920 -727.6403788308728053
3930 -727.6403788308724643
3940 -727.6403788308724643
3950 -727.6403788308729190
3960 -727.6403788308728053
3970 -727.6403788308724643
3980 -727.6403788308723506
3990 -727.6403788308718958
4000 -727.6403788308720095
4010 -727.6403788308729190
4020 -727.6403788308724643
4030 -727.6403788308723506
4040 -727.6403788308724643
4050 -727.6403788308726917
4060 -727.6403788308723506
4070 -727.6403788308720095
4080 -727.6403788308722369
4090 -727.6403788308725780
4100 -727.6403788308724643
4110 -727.6403788308723506
4120 -727.6403788308725780
4130 -727.6403788308730327
4140 -727.6403788308725780
4150 -727.6403788308726917
4160 -727.6403788308725780
4170 -727.6403788308725780
4180 -727.6403788308718958
4190 -727.6403788308723506
4200 -727.6403788308725780
4210 -727.6403788308723506
4220 -727.6403788308721232
4230 -727.6403788308730327
4240 -727.6403788308731464
4250 -727.6403788308720095
4260 -727.6403788308729190
4270 -727.6403788308726917
4280 -727.6403788308731464
4290 -727.6403788308729190
4300 -727.6403788308722369
4310 -727.6403788308729190
4320 -727.6403788308722369
4330 -727.6403788308726917
4340 -727.6403788308726917
4350 -727.6403788308729190
4360 -727.6403788308722369
4370 -727.6403788308722369
4380 -727.6403788308724643
4390 -727.6403788308726917
4400 -727.6403788308729190
4410 -727.6403788308730327
4420 -727.6403788308725780
4430 -727.6403788308729190
4440 -727.6403788308721232
4450 -727.6403788308726917
4460 -727.6403788308726917
4470 -727.6403788308729190
4480 -727.6403788308724643
4490 -727.6403788308726917
4500 -727.6403788308729190
4510 -727.6403788308722369
4520 -727.6403788308729190
4530 -727.6403788308726917
4540 -727.6403788308726917
4550 -727.6403788308726917
4560 -727.6403788308733738
4570 -727.6403788308726917
4580 -727.6403788308726917
4590 -727.6403788308724643
4600 -727.6403788308722369
4610 -727.6403788308725780
4620 -727.6403788308720095
4630 -727.6403788308722369
4640 -727.6403788308723506
4650 -727.6403788308724643
4660 -727.6403788308724643
4670 -727.6403788308729190
4680 -727.6403788308722369
4690 -727.6403788308722369
4700 -727.6403788308724643
4710 -727.6403788308726917
4720 -727.6403788308722369
4730 -727.6403788308726917
4740 -727.6403788308726917
4750 -727.6403788308726917
4760 -727.6403788308729190
4770 -727.6403788308733738
4780 -727.6403788308729190
4790 -727.6403788308729190
4800 -727.6403788308731464
4810 -727.6403788308731464
4820 -727.6403788308726917
4830 -727.6403788308729190
4840 -727.6403788308724643
4850 -727.6403788308733738
4860 -727.6403788308729190
4870 -727.6403788308729190
4880 -727.6403788308729190
4890 -727.6403788308731464
4900 -727.6403788308729190
4910 -727.6403788308726917
4920 -727.6403788308729190
4930 -727.6403788308729190
4940 -727.6403788308726917
4950 -727.6403788308726917
4960 -727.6403788308731464
4970 -727.6403788308733738
4980 -727.6403788308729190
4990 -727.6403788308729190
5000 -727.6403788308731464
5010 -727.6403788308726917
5020 -727.6403788308731464
5030 -727.6403788308731464
5040 -727.6403788308731464
5050 -727.6403788308729190
5060 -727.6403788308733738
5070 -727.6403788308733738
5080 -727.6403788308726917
5090 -727.6403788308733738
5100 -727.6403788308726917
5110 -727.6403788308729190
5120 -727.6403788308729190
5130 -727.6403788308731464
5140 -727.6403788308733738
5150 -727.6403788308731464
5160 -727.6403788308726917
5170 -727.6403788308724643
5180 -727.6403788308726917
5190 -727.6403788308726917
5200 -727.6403788308725780
5210 -727.6403788308731464
5220 -727.6403788308726917
5230 -727.6403788308728053
5240 -727.6403788308728053
5250 -727.6403788308732601
5260 -727.6403788308728053
5270 -727.6403788308729190
5280 -727.6403788308725780
5290 -727.6403788308725780
5300 -727.6403788308728053
5310 -727.6403788308728053
5320 -727.6403788308728053
5330 -727.6403788308721232
5340 -727.6403788308731464
5350 -727.6403788308731464
5360 -727.6403788308726917
5370 -727.6403788308724643
5380 -727.6403788308729190
5390 -727.6403788308731464
5400 -727.6403788308726917
5410 -727.6403788308724643
5420 -727.6403788308722369
5430 -727.6403788308724643
5440 -727.6403788308733738
5450 -727.6403788308726917
5460 -727.6403788308731464
5470 -727.6403788308731464
5480 -727.6403788308729190
5490 -727.6403788308726917
5500 -727.6403788308729190
5510 -727.6403788308722369
5520 -727.6403788308726917
5530 -727.6403788308729190
5540 -727.6403788308729190
5550 -727.6403788308731464
5560 -727.6403788308729190
5570 -727.6403788308724643
5580 -727.6403788308731464
5590 -727.6403788308726917
5600 -727.6403788308729190
5610 -727.6403788308724643
5620 -727.6403788308726917
5630 -727.6403788308729190
5640 -727.6403788308726917
5650 -727.6403788308729190
5660 -727.6403788308726917
5670 -727.6403788308728053
5680 -727.6403788308725780
5690 -727.6403788308724643
5700 -727.6403788308724643
5710 -727.6403788308724643
5720 -727.6403788308726917
5730 -727.6403788308722369
5740 -727.6403788308720095
5750 -727.6403788308720095
5760 -727.6403788308722369
5770 -727.6403788308720095
5780 -727.6403788308724643
5790 -727.6403788308720095
5800 -727.6403788308731464
5810 -727.6403788308724643
5820 -727.6403788308722369
5830 -727.6403788308720095
5840 -727.6403788308724643
5850 -727.6403788308722369
5860 -727.6403788308729190
5870 -727.6403788308729190
5880 -727.6403788308733738
5890 -727.6403788308726917
5900 -727.6403788308731464
5910 -727.6403788308729190
5920 -727.6403788308729190
5930 -727.6403788308726917
5940 -727.6403788308726917
5950 -727.6403788308731464
5960 -727.6403788308733738
5970 -727.6403788308726917
5980 -727.6403788308724643
5990 -727.6403788308731464
6000 -727.6403788308726917
6010 -727.6403788308724643
6020 -727.6403788308724643
6030 -727.6403788308723506
6040 -727.6403788308725780
6050 -727.6403788308723506
6060 -727.6403788308718958
6070 -727.6403788308722369
6080 -727.6403788308720095
6090 -727.6403788308722369
6100 -727.6403788308723506
6110 -727.6403788308721232
6120 -727.6403788308725780
6130 -727.6403788308723506
6140 -727.6403788308716685
6150 -727.6403788308721232
6160 -727.6403788308721232
6170 -727.6403788308725780
6180 -727.6403788308723506
6190 -727.6403788308723506
6200 -727.6403788308721232
6210 -727.6403788308723506
6220 -727.6403788308725780
6230 -727.6403788308728053
6240 -727.6403788308730327
6250 -727.6403788308730327
6260 -727.6403788308726917
6270 -727.6403788308730327
6280 -727.6403788308724643
6290 -727.6403788308731464
6300 -727.6403788308726917
6310 -727.6403788308730327
6320 -727.6403788308725780
6330 -727.6403788308725780
6340 -727.6403788308725780
6350 -727.6403788308728053
6360 -727.6403788308728053
6370 -727.6403788308725780
6380 -727.6403788308725780
6390 -727.6403788308725780
6400 -727.6403788308725780
6410 -727.6403788308730327
6420 -727.6403788308725780
6430 -727.6403788308728053
6440 -727.6403788308721232
6450 -727.6403788308722369
6460 -727.6403788308723506
6470 -727.6403788308722369
6480 -727.6403788308722369
6490 -727.6403788308723506
6500 -727.6403788308724643
6510 -727.6403788308730327
6520 -727.6403788308725780
6530 -727.6403788308728053
6540 -727.6403788308723506
6550 -727.6403788308721232
6560 -727.6403788308726917
6570 -727.6403788308734875
6580 -727.6403788308722369
6590 -727.6403788308728053
6600 -727.6403788308723506
6610 -727.6403788308721232
6620 -727.6403788308723506
6630 -727.6403788308726917
6640 -727.6403788308723506
6650 -727.6403788308731464
6660 -727.6403788308723506
6670 -727.6403788308728053
6680 -727.6403788308730327
6690 -727.6403788308733738
6700 -727.6403788308728053
6710 -727.6403788308728053
6720 -727.6403788308725780
6730 -727.6403788308729190
6740 -727.6403788308722369
6750 -727.6403788308726917
6760 -727.6403788308726917
6770 -727.6403788308726917
6780 -727.6403788308723506
6790 -727.6403788308723506
6800 -727.6403788308725780
6810 -727.6403788308728053
6820 -727.6403788308723506
6830 -727.6403788308721232
6840 -727.6403788308723506
6850 -727.6403788308721232
6860 -727.6403788308723506
6870 -727.6403788308723506
6880 -727.6403788308724643
6890 -727.6403788308720095
6900 -727.6403788308717822
6910 -727.6403788308720095
6920 -727.6403788308725780
6930 -727.6403788308728053
6940 -727.6403788308733738
6950 -727.6403788308726917
6960 -727.6403788308726917
6970 -727.6403788308722369
6980 -727.6403788308729190
6990 -727.6403788308726917
7000 -727.6403788308726917
7010 -727.6403788308724643
7020 -727.6403788308723506
7030 -727.6403788308726917
7040 -727.6403788308732601
7050 -727.6403788308724643
7060 -727.6403788308726917
7070 -727.6403788308722369
7080 -727.6403788308729190
7090 -727.6403788308729190
7100 -727.6403788308731464
7110 -727.6403788308726917
7120 -727.6403788308726917
7130 -727.6403788308717822
7140 -727.6403788308725780
7150 -727.6403788308718958
7160 -727.6403788308728053
7170 -727.6403788308721232
7180 -727.6403788308722369
7190 -727.6403788308722369
7200 -727.6403788308720095
7210 -727.6403788308729190
7220 -727.6403788308722369
7230 -727.6403788308725780
7240 -727.6403788308722369
7250 -727.6403788308728053
7260 -727.6403788308726917
7270 -727.6403788308724643
7280 -727.6403788308724643
7290 -727.6403788308716685
7300 -727.6403788308724643
7310 -727.6403788308729190
7320 -727.6403788308722369
7330 -727.6403788308726917
7340 -727.6403788308724643
7350 -727.6403788308724643
7360 -727.6403788308720095
7370 -727.6403788308722369
7380 -727.6403788308724643
7390 -727.6403788308723506
7400 -727.6403788308725780
7410 -727.6403788308731464
7420 -727.6403788308725780
7430 -727.6403788308725780
7440 -727.6403788308725780
7450 -727.6403788308723506
7460 -727.6403788308730327
7470 -727.6403788308725780
7480 -727.6403788308728053
7490 -727.6403788308728053
7500 -727.6403788308725780
7510 -727.6403788308728053
7520 -727.6403788308723506
7530 -727.6403788308721232
7540 -727.6403788308722369
7550 -727.6403788308722369
7560 -727.6403788308718958
7570 -727.6403788308723506
7580 -727.6403788308722369
7590 -727.6403788308723506
7600 -727.6403788308724643
7610 -727.6403788308725780
7620 -727.6403788308732601
7630 -727.6403788308726917
7640 -727.6403788308723506
7650 -727.6403788308728053
7660 -727.6403788308728053
7670 -727.6403788308729190
7680 -727.6403788308725780
7690 -727.6403788308730327
7700 -727.6403788308723506
7710 -727.6403788308725780
7720 -727.6403788308725780
7730 -727.6403788308725780
7740 -727.6403788308731464
7750 -727.6403788308728053
7760 -727.6403788308728053
7770 -727.6403788308722369
7780 -727.6403788308724643
7790 -727.6403788308723506
7800 -727.6403788308724643
7810 -727.6403788308729190
7820 -727.6403788308726917
7830 -727.6403788308724643
7840 -727.6403788308723506
7850 -727.6403788308726917
7860 -727.6403788308720095
7870 -727.6403788308729190
7880 -727.6403788308725780
7890 -727.6403788308723506
7900 -727.6403788308726917
7910 -727.6403788308728053
7920 -727.6403788308724643
7930 -727.6403788308726917
7940 -727.6403788308725780
7950 -727.6403788308725780
7960 -727.6403788308726917
7970 -727.6403788308726917
7980 -727.6403788308728053
7990 -727.6403788308725780
8000 -727.6403788308731464
8010 -727.6403788308724643
8020 -727.6403788308725780
8030 -727.6403788308728053
8040 -727.6403788308726917
8050 -727.6403788308722369
8060 -727.6403788308720095
8070 -727.6403788308728053
8080 -727.6403788308725780
8090 -727.6403788308720095
8100 -727.6403788308725780
8110 -727.6403788308720095
8120 -727.6403788308725780
8130 -727.6403788308724643
8140 -727.6403788308724643
8150 -727.6403788308729190
8160 -727.6403788308731464
8170 -727.6403788308728053
8180 -727.6403788308728053
8190 -727.6403788308726917
8200 -727.6403788308725780
8210 -727.6403788308724643
8220 -727.6403788308724643
8230 -727.6403788308718958
8240 -727.6403788308723506
8250 -727.6403788308721232
8260 -727.6403788308721232
8270 -727.6403788308723506
8280 -727.6403788308729190
8290 -727.6403788308726917
8300 -727.6403788308725780
8310 -727.6403788308725780
8320 -727.6403788308726917
8330 -727.6403788308723506
8340 -727.6403788308721232
8350 -727.6403788308721232
8360 -727.6403788308721232
8370 -727.6403788308723506
8380 -727.6403788308725780
8390 -727.6403788308726917
8400 -727.6403788308723506
8410 -727.6403788308717822
8420 -727.6403788308728053
8430 -727.6403788308723506
8440 -727.6403788308721232
8450 -727.6403788308725780
8460 -727.6403788308723506
8470 -727.6403788308722369
8480 -727.6403788308717822
8490 -727.6403788308721232
8500 -727.6403788308724643
8510 -727.6403788308722369
8520 -727.6403788308724643
8530 -727.6403788308722369
8540 -727.6403788308722369
8550 -727.6403788308724643
8560 -727.6403788308724643
8570 -727.6403788308720095
8580 -727.6403788308724643
8590 -727.6403788308722369
8600 -727.6403788308724643
8610 -727.6403788308724643
8620 -727.6403788308726917
8630 -727.6403788308726917
8640 -727.6403788308726917
8650 -727.6403788308729190
8660 -727.6403788308724643
8670 -727.6403788308729190
8680 -727.6403788308720095
8690 -727.6403788308722369
8700 -727.6403788308722369
8710 -727.6403788308728053
8720 -727.6403788308722369
8730 -727.6403788308723506
8740 -727.6403788308722369
8750 -727.6403788308723506
8760 -727.6403788308725780
8770 -727.6403788308717822
8780 -727.6403788308720095
8790 -727.6403788308722369
8800 -727.6403788308720095
8810 -727.6403788308726917
8820 -727.6403788308726917
8830 -727.6403788308717822
8840 -727.6403788308722369
8850 -727.6403788308717822
8860 -727.6403788308725780
8870 -727.6403788308721232
8880 -727.6403788308717822
8890 -727.6403788308725780
8900 -727.6403788308723506
8910 -727.6403788308723506
8920 -727.6403788308729190
8930 -727.6403788308726917
8940 -727.6403788308724643
8950 -727.6403788308724643
8960 -727.6403788308724643
8970 -727.6403788308722369
8980 -727.6403788308728053
8990 -727.6403788308720095
9000 -727.6403788308725780
9010 -727.6403788308728053
9020 -727.6403788308726917
9030 -727.6403788308722369
9040 -727.6403788308717822
9050 -727.6403788308722369
9060 -727.6403788308721232
9070 -727.6403788308723506
9080 -727.6403788308720095
9090 -727.6403788308720095
9100 -727.6403788308716685
9110 -727.6403788308721232
9120 -727.6403788308723506
9130 -727.6403788308721232
9140 -727.6403788308721232
9150 -727.6403788308721232
9160 -727.6403788308722369
9170 -727.6403788308725780
9180 -727.6403788308725780
9190 -727.6403788308723506
9200 -727.6403788308723506
9210 -727.6403788308723506
9220 -727.6403788308722369
9230 -727.6403788308722369
9240 -727.6403788308725780
9250 -727.6403788308725780
9260 -727.6403788308731464
9270 -727.6403788308734875
9280 -727.6403788308736011
9290 -727.6403788308726917
9300 -727.6403788308731464
9310 -727.6403788308726917
9320 -727.6403788308726917
9330 -727.6403788308729190
9340 -727.6403788308726917
9350 -727.6403788308728053
9360 -727.6403788308728053
9370 -727.6403788308728053
9380 -727.6403788308728053
9390 -727.6403788308728053
9400 -727.6403788308733738
9410 -727.6403788308728053
9420 -727.6403788308726917
9430 -727.6403788308731464
9440 -727.6403788308730327
9450 -727.6403788308729190
9460 -727.6403788308733738
9470 -727.6403788308730327
9480 -727.6403788308732601
9490 -727.6403788308724643
9500 -727.6403788308726917
9510 -727.6403788308726917
9520 -727.6403788308729190
9530 -727.6403788308731464
9540 -727.6403788308732601
9550 -727.6403788308728053
9560 -727.6403788308728053
9570 -727.6403788308726917
9580 -727.6403788308723506
9590 -727.6403788308718958
9600 -727.6403788308728053
9610 -727.6403788308726917
9620 -727.6403788308726917
9630 -727.6403788308725780
9640 -727.6403788308728053
9650 -727.6403788308731464
9660 -727.6403788308730327
9670 -727.6403788308724643
9680 -727.6403788308722369
9690 -727.6403788308725780
9700 -727.6403788308728053
9710 -727.6403788308723506
9720 -727.6403788308725780
9730 -727.6403788308722369
9740 -727.6403788308725780
9750 -727.6403788308725780
9760 -727.6403788308722369
9770 -727.6403788308724643
9780 -727.6403788308724643
9790 -727.6403788308726917
9800 -727.6403788308725780
9810 -727.6403788308724643
9820 -727.6403788308729190
9830 -727.6403788308726917
9840 -727.6403788308726917
9850 -727.6403788308723506
9860 -727.6403788308724643
9870 -727.6403788308723506
9880 -727.6403788308724643
9890 -727.6403788308723506
9900 -727.6403788308718958
9910 -727.6403788308723506
9920 -727.6403788308725780
9930 -727.6403788308725780
9940 -727.6403788308725780
9950 -727.6403788308725780
9960 -727.6403788308723506
9970 -727.6403788308725780
9980 -727.6403788308722369
9990 -727.6403788308723506
10000 -727.6403788308720095
