0 -92375.3169613832724281
50 -92388.5028547416150104
100 -92400.1628599229006795
150 -92407.4464943126949947
200 -92412.7629607766575646
250 -92416.5966492305888096
300 -92418.9908923012117157
350 -92420.6453479097399395
400 -92421.8226738535740878
450 -92422.6469187273614807
500 -92423.2352840446401387
550 -92423.6868614657287253
600 -92424.0402007151860744
650 -92424.2876914090593345
700 -92424.4827922758267960
750 -92424.6383395934390137
800 -92424.7725259051367175
850 -92424.8862704080238473
900 -92424.9902748137828894
950 -92425.1009703688614536
1000 -92425.2240396674023941
1050 -92425.3583116371009964
1100 -92425.4983369142428273
1150 -92425.6444843731587753
1200 -92425.7877841766312486
1250 -92425.9096817906101933
1300 -92426.0144024080509553
1350 -92426.1112801898561884
1400 -92426.1990896653878735
1450 -92426.2789688357297564
1500 -92426.3556807398126693
1550 -92426.4362575388222467
1600 -92426.5201233074621996
1650 -92426.6111223770712968
1700 -92426.7090436591242906
1750 -92426.8119789886550279
1800 -92426.9009097175148781
1850 -92426.9755159078777069
1900 -92427.0459282433876069
1950 -92427.1213125813665101
2000 -92427.2023556405620184
2050 -92427.2890293785458198
2100 -92427.3789695245068287
2150 -92427.4708171369275078
2200 -92427.5516520608507562
2250 -92427.6217184280976653
2300 -92427.6845882360066753
2350 -92427.7513435766595649
2400 -92427.8167612276592990
2450 -92427.8677998269267846
2500 -92427.9111460994172376
2550 -92427.9559969113615807
2600 -92427.9976463220955338
2650 -92428.0357930573227350
2700 -92428.0770020055788336
2750 -92428.1190032566373702
2800 -92428.1629146251216298
2850 -92428.2033400816726498
2900 -92428.2416660324088298
2950 -92428.2825782208383316
3000 -92428.3232043290045112
3050 -92428.3660595948604168
3100 -92428.4046734308212763
3150 -92428.4390577685553581
3200 -92428.4720134525123285
3250 -92428.5071013886772562
3300 -92428.5412155670346692
3350 -92428.5758487725979649
3400 -92428.6142543372989167
3450 -92428.6565142108156579
3500 -92428.7024528010224458
3550 -92428.7517814266902860
3600 -92428.8028994471969781
3650 -92428.8417082223895704
3700 -92428.8723374230467016
3750 -92428.8975801757042063
3800 -92428.9208965748257469
3850 -92428.9425628352037165
3900 -92428.9615980699891225
3950 -92428.9793882581143407
4000 -92428.9977680129813962
4050 -92429.0187306846491992
4100 -92429.0407585302309599
4150 -92429.0628525672364049
4200 -92429.0850717473949771
4250 -92429.1080323578207754
4300 -92429.1299626807594905
4350 -92429.1509357840404846
4400 -92429.1745823372912128
4450 -92429.2010212406603387
4500 -92429.2296519315132173
4550 -92429.2595915144338505
4600 -92429.2898640197672648
4650 -92429.3215705632755999
4700 -92429.3555383838975104
4750 -92429.3897581191849895
4800 -92429.4234379218250979
4850 -92429.4573022223048611
4900 -92429.4835251946642529
4950 -92429.5096290559595218
5000 -92429.5373264736990677
5050 -92429.5571986801514868
5100 -92429.5737359132617712
5150 -92429.5881137485994259
5200 -92429.6012933367164806
5250 -92429.6128881121985614
5300 -92429.6233910426526563
5350 -92429.6336590285063721
5400 -92429.6436095067911083
5450 -92429.6532888834190089
5500 -92429.6637339270673692
5550 -92429.6745324930234347
5600 -92429.6846147389442194
5650 -92429.6945619968610117
5700 -92429.7042560180998407
5750 -92429.7133997948112665
5800 -92429.7225191684556194
5850 -92429.7326187425787793
5900 -92429.7420002966391621
5950 -92429.7508112036448438
6000 -92429.7592592804721789
6050 -92429.7678856995480601
6100 -92429.7769394678471144
6150 -92429.7857701609900687
6200 -92429.7946283527126070
6250 -92429.8039665304677328
6300 -92429.8131276849744609
6350 -92429.8225354292080738
6400 -92429.8316633745998843
6450 -92429.8404106187226716
6500 -92429.8491496358037693
6550 -92429.8572168152895756
6600 -92429.8654293206491275
6650 -92429.8738762026914628
6700 -92429.8813500644027954
6750 -92429.8887106470065191
6800 -92429.8960820171487285
6850 -92429.9041994112922112
6900 -92429.9119936011993559
6950 -92429.9189662776188925
7000 -92429.9257320313336095
7050 -92429.9325529683555942
7100 -92429.9391703635774320
7150 -92429.9462364246137440
7200 -92429.9536413696041564
7250 -92429.9610857965599280
7300 -92429.9691555651079398
7350 -92429.9786854314006632
7400 -92429.9883359719678992
7450 -92429.9971298316086177
7500 -92430.0046418932906818
7550 -92430.0116913793317508
7600 -92430.0184218146168860
7650 -92430.0247862963879015
7700 -92430.0314719839661848
7750 -92430.0380462034518132
7800 -92430.0446516398951644
7850 -92430.0513457584602293
7900 -92430.0579307777952636
7950 -92430.0645620694267564
8000 -92430.0711729578761151
8050 -92430.0777190563676413
8100 -92430.0841424486570759
8150 -92430.0897726777329808
8200 -92430.0951764404308051
8250 -92430.1005455142731080
8300 -92430.1061559966619825
8350 -92430.1122495199233526
8400 -92430.1185721486981492
8450 -92430.1248010677954881
8500 -92430.1306914487504400
8550 -92430.1362817902845563
8600 -92430.1417152235371759
8650 -92430.1472415394091513
8700 -92430.1527530338935321
8750 -92430.1581044898630353
8800 -92430.1634867511602351
8850 -92430.1692179586825659
8900 -92430.1744525370741030
8950 -92430.1793081926152809
9000 -92430.1838239489297848
9050 -92430.1882843758503441
9100 -92430.1926711175765377
9150 -92430.1972804262768477
9200 -92430.2021802980016218
9250 -92430.2062473409605445
9300 -92430.2095724573446205
9350 -92430.2127853013807908
9400 -92430.2160269802407129
9450 -92430.2191620279627386
9500 -92430.2224793620698620
9550 -92430.2256902720546350
9600 -92430.2287662609160179
9650 -92430.2317043154034764
9700 -92430.2346499003760982
9750 -92430.2378405949129956
9800 -92430.2413409478613175
9850 -92430.2451618560153292
9900 -92430.2488900757016381
9950 -92430.2527401311672293
10000 -92430.2568043400970055
10050 -92430.2609691574180033
10100 -92430.2652083029825008
10150 -92430.2692568353668321
10200 -92430.2733672588947229
10250 -92430.2772893611981999
10300 -92430.2807846170617267
10350 -92430.2840807574248174
10400 -92430.2875808135140687
10450 -92430.2913565781054785
10500 -92430.2953132249240298
10550 -92430.2992814637400443
10600 -92430.3027402549632825
10650 -92430.3055924077925738
10700 -92430.3084151822404237
10750 -92430.3113101713242941
10800 -92430.3142194715037476
10850 -92430.3171295860956889
10900 -92430.3199237801163690
10950 -92430.3224724121682812
11000 -92430.3252219445857918
11050 -92430.3282505697861779
11100 -92430.3316303524188697
11150 -92430.3352081498305779
11200 -92430.3389302217983641
11250 -92430.3427468187437626
11300 -92430.3471115468128119
11350 -92430.3516867296566488
11400 -92430.3552244693273678
11450 -92430.3583936071954668
11500 -92430.3617411582672503
11550 -92430.3652072264812887
11600 -92430.3681147031456931
11650 -92430.3706288510729792
11700 -92430.3730286988138687
11750 -92430.3754713196831290
11800 -92430.3779988539899932
11850 -92430.3807679725432536
11900 -92430.3835461797280004
11950 -92430.3861378121218877
12000 -92430.3886814594152384
12050 -92430.3915383704588749
12100 -92430.3949847515614238
12150 -92430.3986542439670302
12200 -92430.4030142611736665
12250 -92430.4080807206482859
12300 -92430.4140304905158700
12350 -92430.4204622374818427
12400 -92430.4258520998264430
12450 -92430.4305943048675545
12500 -92430.4347261253569741
12550 -92430.4383621001907159
12600 -92430.4417679776088335
12650 -92430.4448979191511171
12700 -92430.4479834108205978
12750 -92430.4512293892039452
12800 -92430.4552091615041718
12850 -92430.4599263468408026
12900 -92430.4653268622205360
12950 -92430.4714135649846867
13000 -92430.4779267301200889
13050 -92430.4848162213747855
13100 -92430.4923111317184521
13150 -92430.4984154934354592
13200 -92430.5013952063745819
13250 -92430.5038070576265454
13300 -92430.5059274204977555
13350 -92430.5079924679303076
13400 -92430.5101207179977791
13450 -92430.5120063435315387
13500 -92430.5139082956593484
13550 -92430.5160032169223996
13600 -92430.5187932586559327
13650 -92430.5214905164611991
13700 -92430.5240765849157469
13750 -92430.5273307483003009
13800 -92430.5313331253855722
13850 -92430.5347583331458736
13900 -92430.5369782615453005
13950 -92430.5388292206771439
14000 -92430.5405932503199438
14050 -92430.5429717741062632
14100 -92430.5461210573121207
14150 -92430.5499445902096340
14200 -92430.5544674289121758
14250 -92430.5596369360428071
14300 -92430.5654594274674309
14350 -92430.5719124058523448
14400 -92430.5787156810838496
14450 -92430.5834119941282552
14500 -92430.5876193207805045
14550 -92430.5908318506844807
14600 -92430.5934015343664214
14650 -92430.5956631195149384
14700 -92430.5976970938208979
14750 -92430.5998262849316234
14800 -92430.6019644439948024
14850 -92430.6041610976972152
14900 -92430.6064182269037701
14950 -92430.6087070033536293
15000 -92430.6110183527052868
15050 -92430.6133543596370146
15100 -92430.6155782707064645
15150 -92430.6177343563467730
15200 -92430.6197780473303283
15250 -92430.6218203194002854
15300 -92430.6239714052499039
15350 -92430.6261917348747374
15400 -92430.6283009079197655
15450 -92430.6305919258884387
15500 -92430.6329358114162460
15550 -92430.6353769925772212
15600 -92430.6376324280863628
15650 -92430.6393196959106717
15700 -92430.6409926979104057
15750 -92430.6424464597803308
15800 -92430.6437800970161334
15850 -92430.6450109683501069
15900 -92430.6462788425706094
15950 -92430.6476058621628908
16000 -92430.6489086480287369
16050 -92430.6502603688568342
16100 -92430.6515806643583346
16150 -92430.6529477623407729
16200 -92430.6544925336638698
16250 -92430.6562028696498601
16300 -92430.6582260523864534
16350 -92430.6603807992069051
16400 -92430.6618215733324178
16450 -92430.6631303339090664
16500 -92430.6644610216753790
16550 -92430.6658140502695460
16600 -92430.6671794826106634
16650 -92430.6685119305620901
16700 -92430.6698550989967771
16750 -92430.6711416156467749
16800 -92430.6724233328568516
16850 -92430.6736292798304930
16900 -92430.6749011483043432
16950 -92430.6761887521424796
17000 -92430.6774101859627990
17050 -92430.6786577432940248
17100 -92430.6799631347967079
17150 -92430.6812177507381421
17200 -92430.6824722825549543
17250 -92430.6836464882508153
17300 -92430.6848750198259950
17350 -92430.6862279712804593
17400 -92430.6875778484100010
17450 -92430.6888790854573017
17500 -92430.6901759910106193
17550 -92430.6914266762905754
17600 -92430.6927323669515317
17650 -92430.6940522012300789
17700 -92430.6955009719094960
17750 -92430.6970490220555803
17800 -92430.6985998108430067
17850 -92430.7000394888455048
17900 -92430.7013996948080603
17950 -92430.7026890620327322
18000 -92430.7038709743355867
18050 -92430.7050101579661714
18100 -92430.7061557097476907
18150 -92430.7075145539856749
18200 -92430.7090398581640329
18250 -92430.7108132908761036
18300 -92430.7126224411040312
18350 -92430.7143029269354884
18400 -92430.7157752751227235
18450 -92430.7171514147921698
18500 -92430.7184411217021989
18550 -92430.7198593319189968
18600 -92430.7213551580207422
18650 -92430.7228444554202724
18700 -92430.7243333215883467
18750 -92430.7259160804387648
18800 -92430.7275662390602520
18850 -92430.7291128143988317
18900 -92430.7303492257051403
18950 -92430.7314212996279821
19000 -92430.7324663503532065
19050 -92430.7335314790834673
19100 -92430.7346262367063900
19150 -92430.7357349657395389
19200 -92430.7368284101103200
19250 -92430.7379405805404531
19300 -92430.7391152968921233
19350 -92430.7404028032178758
19400 -92430.7417627464164980
19450 -92430.7431893936882261
19500 -92430.7443914514442440
19550 -92430.7455001252383227
19600 -92430.7466167598176980
19650 -92430.7477596132666804
19700 -92430.7488927544764010
19750 -92430.7500479755399283
19800 -92430.7512327131116763
19850 -92430.7523316821170738
19900 -92430.7533709111739881
19950 -92430.7544234176748432
20000 -92430.7555860442516860
20001 -92430.7555860442516860
