0 -91387.07377279 -96135.79562614 4964.14874468 115.33620072 -330.76309205 0.2076 3.4588
50 -92388.50285474 -97120.95254395 4961.78055416 188.08145848 -417.41232343 0.2971 3.3452
100 -92400.16285993 -97124.46916960 4962.36512609 151.01537531 -389.07419172 0.2866 3.4894
150 -92407.44649432 -97130.00504188 4962.54882865 131.96498740 -371.95526849 0.2796 3.5837
200 -92412.76296078 -97135.10401146 4962.49754519 130.30416595 -370.46066046 0.2761 3.5991
250 -92416.59664923 -97138.67540250 4962.42245106 130.36932857 -370.71302636 0.2724 3.5989
300 -92418.99089231 -97140.77433166 4962.33835800 130.37213763 -370.92705629 0.2689 3.5994
350 -92420.64534791 -97142.12426694 4962.25077351 130.40546715 -371.17732163 0.2651 3.5996
400 -92421.82267386 -97143.01002656 4962.17031209 130.45065697 -371.43361635 0.2611 3.5998
450 -92422.64691873 -97143.57058694 4962.10128388 130.50693200 -371.68454767 0.2573 3.6001
500 -92423.23528405 -97143.92584592 4962.04498178 130.56309669 -371.91751660 0.2536 3.6003
550 -92423.68686147 -97144.16272123 4961.99769505 130.62580255 -372.14763784 0.2499 3.6006
600 -92424.04020072 -97144.31898759 4961.95843850 130.69595331 -372.37560493 0.2463 3.6010
650 -92424.28769141 -97144.40511410 4961.92698908 130.75243955 -372.56200594 0.2434 3.6013
700 -92424.48279228 -97144.45889721 4961.90112490 130.80692328 -372.73194325 0.2409 3.6016
750 -92424.63833960 -97144.49247464 4961.88038862 130.85640943 -372.88266301 0.2387 3.6018
800 -92424.77252591 -97144.51308479 4961.86147639 130.90740617 -373.02832367 0.2367 3.6021
850 -92424.88627041 -97144.52493251 4961.84544077 130.94836782 -373.15514649 0.2349 3.6024
900 -92424.99027482 -97144.52989467 4961.82969263 130.99347518 -373.28354796 0.2331 3.6026
950 -92425.10097037 -97144.52954293 4961.81228634 131.04626033 -373.42997412 0.2312 3.6029
1000 -92425.22403967 -97144.52231100 4961.79218684 131.10786223 -373.60177773 0.2289 3.6032
1050 -92425.35831164 -97144.50585485 4961.76911407 131.18077778 -373.80234865 0.2263 3.6036
1100 -92425.49833692 -97144.47925474 4961.74373033 131.26276311 -374.02557562 0.2236 3.6040
1150 -92425.64448438 -97144.44126251 4961.71563708 131.35498452 -374.27384347 0.2206 3.6045
1200 -92425.78778418 -97144.39461407 4961.68671733 131.45108255 -374.53096999 0.2176 3.6051
1250 -92425.90968179 -97144.34655276 4961.65996986 131.53878084 -374.76187974 0.2151 3.6055
1300 -92426.01440241 -97144.30054226 4961.63620052 131.61582601 -374.96588668 0.2128 3.6059
1350 -92426.11128019 -97144.25412175 4961.61345431 131.68982223 -375.16043497 0.2108 3.6063
1400 -92426.19908967 -97144.20777721 4961.59121360 131.75951610 -375.34204217 0.2089 3.6067
1450 -92426.27896884 -97144.16441642 4961.57145951 131.82350142 -375.50951335 0.2071 3.6070
1500 -92426.35568074 -97144.11887570 4961.55046490 131.88654079 -375.67381072 0.2055 3.6074
1550 -92426.43625754 -97144.06898306 4961.52795178 131.95475547 -375.84998173 0.2037 3.6077
1600 -92426.52012331 -97144.01564115 4961.50450125 132.02498410 -376.03396751 0.2019 3.6081
1650 -92426.61112238 -97143.95451810 4961.47774337 132.10367751 -376.23802516 0.1999 3.6085
1700 -92426.70904366 -97143.88564709 4961.44784733 132.18981658 -376.46106048 0.1978 3.6090
1750 -92426.81197899 -97143.81050722 4961.41570052 132.28251203 -376.69968431 0.1955 3.6094
1800 -92426.90090972 -97143.74203516 4961.38604168 132.36278811 -376.90770435 0.1936 3.6098
1850 -92426.97551591 -97143.68356313 4961.36106329 132.43031784 -377.08333391 0.1920 3.6102
1900 -92427.04592825 -97143.62605999 4961.33628385 132.49556879 -377.25172091 0.1905 3.6105
1950 -92427.12131258 -97143.56351409 4961.30950233 132.56566174 -377.43296256 0.1889 3.6108
2000 -92427.20235564 -97143.49449960 4961.27994701 132.64172512 -377.62952817 0.1872 3.6112
2050 -92427.28902938 -97143.41878152 4961.24751229 132.72489031 -377.84265046 0.1854 3.6116
2100 -92427.37896953 -97143.33811839 4961.21285531 132.81016572 -378.06387216 0.1835 3.6119
2150 -92427.47081714 -97143.25388202 4961.17671855 132.89979761 -378.29345127 0.1816 3.6123
2200 -92427.55165206 -97143.17683426 4961.14318275 132.97706039 -378.49506094 0.1799 3.6127
2250 -92427.62171843 -97143.11058175 4961.11478641 133.04592560 -378.67184869 0.1784 3.6130
2300 -92427.68458824 -97143.04966568 4961.08847674 133.10782759 -378.83122689 0.1771 3.6132
2350 -92427.75134358 -97142.98374751 4961.05986973 133.17394478 -379.00141058 0.1757 3.6134
2400 -92427.81676123 -97142.91798046 4961.03123780 133.23958388 -379.16960246 0.1744 3.6137
2450 -92427.86779983 -97142.86647709 4961.00885208 133.28887984 -379.29905466 0.1733 3.6139
2500 -92427.91114610 -97142.82211293 4960.98951921 133.33371471 -379.41226710 0.1724 3.6140
2550 -92427.95599691 -97142.77562483 4960.96915388 133.37904162 -379.52856758 0.1715 3.6139
2600 -92427.99764632 -97142.73272993 4960.95050912 133.41942059 -379.63484611 0.1707 3.6143
2650 -92428.03579306 -97142.69260492 4960.93288378 133.45854547 -379.73461739 0.1699 3.6144
2700 -92428.07700201 -97142.64919043 4960.91388414 133.49965658 -379.84135230 0.1690 3.6145
2750 -92428.11900326 -97142.60417657 4960.89404071 133.54276177 -379.95162918 0.1682 3.6146
2800 -92428.16291463 -97142.55747509 4960.87365522 133.58554748 -380.06464224 0.1673 3.6148
2850 -92428.20334008 -97142.51390029 4960.85449874 133.62863416 -380.17257269 0.1665 3.6149
2900 -92428.24166604 -97142.47181078 4960.83580233 133.66803601 -380.27369360 0.1657 3.6150
2950 -92428.28257822 -97142.42755033 4960.81648288 133.70977023 -380.38128100 0.1649 3.6151
3000 -92428.32320433 -97142.38218399 4960.79621353 133.75083460 -380.48806847 0.1640 3.6152
3050 -92428.36605960 -97142.33417388 4960.77483358 133.79593588 -380.60265517 0.1632 3.6152
3100 -92428.40467343 -97142.29143756 4960.75609343 133.83558927 -380.70491857 0.1624 3.6153
3150 -92428.43905777 -97142.25299138 4960.73905516 133.87006728 -380.79518883 0.1617 3.6154
3200 -92428.47201346 -97142.21551564 4960.72233133 133.90488248 -380.88371162 0.1610 3.6155
3250 -92428.50710139 -97142.17596392 4960.70479279 133.94214761 -380.97807787 0.1603 3.6155
3300 -92428.54121557 -97142.13705441 4960.68746098 133.97596010 -381.06758225 0.1597 3.6155
3350 -92428.57584878 -97142.09707759 4960.66953511 134.01282444 -381.16113073 0.1590 3.6156
3400 -92428.61425434 -97142.05285705 4960.64978684 134.05289344 -381.26407757 0.1582 3.6156
3450 -92428.65651421 -97142.00396823 4960.62793854 134.09704586 -381.37753038 0.1574 3.6157
3500 -92428.70245280 -97141.95047494 4960.60399284 134.14501882 -381.50098952 0.1564 3.6157
3550 -92428.75178143 -97141.89269818 4960.57808715 134.19671598 -381.63388638 0.1555 3.6157
3600 -92428.80289945 -97141.83316321 4960.55158631 134.24907979 -381.77040234 0.1545 3.6158
3650 -92428.84170822 -97141.78595493 4960.52996008 134.29113548 -381.87684886 0.1537 3.6158
3700 -92428.87233743 -97141.74959442 4960.51363374 134.32605938 -381.96243614 0.1531 3.6157
3750 -92428.89758018 -97141.72007333 4960.50042557 134.35029019 -382.02822260 0.1526 3.6157
3800 -92428.92089658 -97141.69257493 4960.48811085 134.37586206 -382.09229456 0.1521 3.6155
3850 -92428.94256284 -97141.66631877 4960.47615683 134.39883024 -382.15123114 0.1517 3.6157
3900 -92428.96159807 -97141.64390592 4960.46614094 134.41885828 -382.20269137 0.1513 3.6157
3950 -92428.97938826 -97141.62223265 4960.45622836 134.43630970 -382.24969368 0.1510 3.6157
4000 -92428.99776802 -97141.60052840 4960.44651052 134.45635002 -382.30010015 0.1506 3.6157
4050 -92429.01873069 -97141.57494610 4960.43480775 134.47712778 -382.35572012 0.1502 3.6157
4100 -92429.04075853 -97141.54865490 4960.42295014 134.50070762 -382.41576140 0.1498 3.6156
4150 -92429.06285257 -97141.52173962 4960.41068632 134.52531214 -382.47711141 0.1493 3.6156
4200 -92429.08507175 -97141.49519222 4960.39872065 134.54661445 -382.53521463 0.1489 3.6156
4250 -92429.10803236 -97141.46678482 4960.38562334 134.57301489 -382.59988578 0.1484 3.6156
4300 -92429.12996268 -97141.44086793 4960.37408134 134.59567406 -382.65885016 0.1480 3.6155
4350 -92429.15093579 -97141.41534972 4960.36244958 134.61816550 -382.71620115 0.1476 3.6155
4400 -92429.17458234 -97141.38663324 4960.34937817 134.64335272 -382.78067999 0.1471 3.6155
4450 -92429.20102124 -97141.35453485 4960.33477186 134.67145681 -382.85271506 0.1466 3.6154
4500 -92429.22965193 -97141.31974316 4960.31891155 134.70189982 -382.93072015 0.1461 3.6153
4550 -92429.25959152 -97141.28336884 4960.30237417 134.73314841 -383.01174526 0.1455 3.6153
4600 -92429.28986402 -97141.24622776 4960.28535700 134.76582324 -383.09481650 0.1449 3.6152
4650 -92429.32157057 -97141.20753759 4960.26767886 134.79954610 -383.18125794 0.1443 3.6151
4700 -92429.35553839 -97141.16598507 4960.24864418 134.83562137 -383.27381886 0.1436 3.6150
4750 -92429.38975812 -97141.12419943 4960.22950460 134.87226178 -383.36732507 0.1430 3.6149
4800 -92429.42343792 -97141.08307690 4960.21065198 134.90800660 -383.45901960 0.1423 3.6148
4850 -92429.45730222 -97141.04238228 4960.19218914 134.94384400 -383.55095308 0.1417 3.6147
4900 -92429.48352520 -97141.00968377 4960.17692454 134.97203205 -383.62279802 0.1411 3.6146
4950 -92429.50962906 -97140.97789084 4960.16229815 134.99965924 -383.69369561 0.1406 3.6145
5000 -92429.53732648 -97140.94372474 4960.14646404 135.02955864 -383.76962442 0.1401 3.6144
5050 -92429.55719868 -97140.91994763 4960.13558108 135.05088997 -383.82372210 0.1397 3.6143
5100 -92429.57373592 -97140.89991260 4960.12632421 135.06785956 -383.86800709 0.1394 3.6142
5150 -92429.58811375 -97140.88252898 4960.11830443 135.08230428 -383.90619348 0.1391 3.6142
5200 -92429.60129334 -97140.86598166 4960.11054628 135.09653039 -383.94238834 0.1389 3.6141
5250 -92429.61288811 -97140.85304776 4960.10487725 135.11006802 -383.97478562 0.1387 3.6141
5300 -92429.62339105 -97140.83986811 4960.09862196 135.12091204 -384.00305693 0.1385 3.6140
5350 -92429.63365903 -97140.82800352 4960.09328042 135.13134719 -384.03028311 0.1383 3.6140
5400 -92429.64360951 -97140.81542070 4960.08729723 135.14047108 -384.05595712 0.1381 3.6139
5450 -92429.65328889 -97140.80390244 4960.08197349 135.15120566 -384.08256560 0.1379 3.6138
5500 -92429.66373393 -97140.79112547 4960.07602832 135.16258193 -384.11121870 0.1377 3.6138
5550 -92429.67453250 -97140.77796935 4960.06988952 135.17502408 -384.14147674 0.1375 3.6137
5600 -92429.68461474 -97140.76580946 4960.06425116 135.18702576 -384.17008220 0.1373 3.6137
5650 -92429.69456200 -97140.75309597 4960.05819511 135.19571828 -384.19537942 0.1371 3.6136
5700 -92429.70425602 -97140.74200313 4960.05315432 135.20707590 -384.22248310 0.1369 3.6136
5750 -92429.71339980 -97140.73166875 4960.04859086 135.21609075 -384.24641265 0.1368 3.6135
5800 -92429.72251917 -97140.72028566 4960.04315333 135.22560134 -384.27098819 0.1366 3.6135
5850 -92429.73261875 -97140.70726598 4960.03686894 135.23663586 -384.29885758 0.1364 3.6134
5900 -92429.74200030 -97140.69749986 4960.03270551 135.24583960 -384.32304555 0.1362 3.6134
5950 -92429.75081121 -97140.68733333 4960.02811535 135.25626255 -384.34785578 0.1361 3.6133
6000 -92429.75925928 -97140.67661799 4960.02288997 135.26342111 -384.36895238 0.1359 3.6133
6050 -92429.76788570 -97140.66600461 4960.01788654 135.27311199 -384.39287962 0.1357 3.6132
6100 -92429.77693947 -97140.65515766 4960.01282754 135.28303531 -384.41764466 0.1356 3.6132
6150 -92429.78577016 -97140.64451125 4960.00785425 135.29128526 -384.44039843 0.1354 3.6131
6200 -92429.79462836 -97140.63453540 4960.00334868 135.30024944 -384.46369107 0.1353 3.6131
6250 -92429.80396653 -97140.62355332 4959.99827091 135.31005907 -384.48874319 0.1351 3.6130
6300 -92429.81312769 -97140.61267148 4959.99322185 135.32053595 -384.51421400 0.1349 3.6130
6350 -92429.82253543 -97140.60139729 4959.98793385 135.32949698 -384.53856898 0.1347 3.6129
6400 -92429.83166338 -97140.59027464 4959.98263327 135.33941886 -384.56344087 0.1346 3.6128
6450 -92429.84041062 -97140.57963434 4959.97760444 135.34902325 -384.58740396 0.1344 3.6128
6500 -92429.84914964 -97140.56961844 4959.97298492 135.35898004 -384.61149616 0.1342 3.6127
6550 -92429.85721682 -97140.56047098 4959.96882578 135.36805809 -384.63362971 0.1341 3.6127
6600 -92429.86542932 -97140.55009824 4959.96376451 135.37611670 -384.65521230 0.1339 3.6126
6650 -92429.87387621 -97140.54097865 4959.95978028 135.38591695 -384.67859479 0.1338 3.6126
6700 -92429.88135007 -97140.53166655 4959.95523287 135.39325784 -384.69817423 0.1336 3.6125
6750 -92429.88871065 -97140.52310689 4959.95126149 135.40051814 -384.71738338 0.1335 3.6125
6800 -92429.89608202 -97140.51451786 4959.94723838 135.40834029 -384.73714282 0.1334 3.6124
6850 -92429.90419941 -97140.50525105 4959.94297639 135.41632696 -384.75825172 0.1332 3.6124
6900 -92429.91199360 -97140.49629525 4959.93881343 135.42502441 -384.77953619 0.1331 3.6123
6950 -92429.91896628 -97140.48811401 4959.93496693 135.43251037 -384.79832957 0.1330 3.6123
7000 -92429.92573203 -97140.48044601 4959.93145148 135.43999080 -384.81672831 0.1328 3.6122
7050 -92429.93255297 -97140.47199700 4959.92734556 135.44560063 -384.83350216 0.1327 3.6122
7100 -92429.93917037 -97140.46414362 4959.92361293 135.45319068 -384.85183036 0.1326 3.6121
7150 -92429.94623643 -97140.45599088 4959.91982678 135.45997142 -384.87004374 0.1325 3.6121
7200 -92429.95364137 -97140.44807158 4959.91630622 135.46815607 -384.89003208 0.1323 3.6120
7250 -92429.96108580 -97140.43904492 4959.91193728 135.47622058 -384.91019875 0.1322 3.6120
7300 -92429.96915557 -97140.42947692 4959.90736422 135.48480511 -384.93184798 0.1320 3.6119
7350 -92429.97868543 -97140.41821930 4959.90200472 135.49542807 -384.95789892 0.1319 3.6118
7400 -92429.98833597 -97140.40760701 4959.89714967 135.50426527 -384.98214390 0.1317 3.6118
7450 -92429.99712983 -97140.39769291 4959.89254464 135.51416348 -385.00614505 0.1315 3.6117
7500 -92430.00464189 -97140.38881096 4959.88828144 135.52139829 -385.02551067 0.1314 3.6117
7550 -92430.01169138 -97140.38082391 4959.88454183 135.52731367 -385.04272296 0.1313 3.6116
7600 -92430.01842182 -97140.37280844 4959.88067381 135.53722615 -385.06351334 0.1311 3.6116
7650 -92430.02478630 -97140.36614793 4959.87772740 135.54268189 -385.07904766 0.1310 3.6115
7700 -92430.03147199 -97140.35839000 4959.87402510 135.55117074 -385.09827783 0.1309 3.6114
7750 -92430.03804621 -97140.35052817 4959.87018948 135.55677230 -385.11447981 0.1308 3.6114
7800 -92430.04465164 -97140.34307061 4959.86663688 135.56396895 -385.13218687 0.1307 3.6113
7850 -92430.05134576 -97140.33589118 4959.86339014 135.56995698 -385.14880170 0.1306 3.6113
7900 -92430.05793078 -97140.32779301 4959.85935909 135.57770102 -385.16719788 0.1304 3.6112
7950 -92430.06456207 -97140.32072066 4959.85614869 135.58500857 -385.18499867 0.1303 3.6112
8000 -92430.07117296 -97140.31307747 4959.85249843 135.59143903 -385.20203294 0.1302 3.6111
8050 -92430.07771906 -97140.30630332 4959.84945661 135.59726922 -385.21814157 0.1301 3.6111
8100 -92430.08414245 -97140.29881808 4959.84586287 135.60531003 -385.23649727 0.1300 3.6110
8150 -92430.08977268 -97140.29232677 4959.84271256 135.61101979 -385.25117827 0.1299 3.6110
8200 -92430.09517644 -97140.28623933 4959.83984569 135.61582206 -385.26460487 0.1298 3.6109
8250 -92430.10054552 -97140.27998103 4959.83680964 135.62188095 -385.27925508 0.1297 3.6109
8300 -92430.10615600 -97140.27419646 4959.83421349 135.62722114 -385.29339417 0.1296 3.6108
8350 -92430.11224952 -97140.26776971 4959.83131242 135.63441439 -385.31020663 0.1295 3.6108
8400 -92430.11857215 -97140.26041307 4959.82775275 135.64062583 -385.32653766 0.1293 3.6107
8450 -92430.12480107 -97140.25323714 4959.82423529 135.64636392 -385.34216314 0.1292 3.6107
8500 -92430.13069145 -97140.24685866 4959.82128822 135.65266520 -385.35778621 0.1291 3.6106
8550 -92430.13628179 -97140.24044476 4959.81816080 135.65833133 -385.37232917 0.1290 3.6106
8600 -92430.14171523 -97140.23491813 4959.81567007 135.66448995 -385.38695712 0.1289 3.6105
8650 -92430.14724154 -97140.22844456 4959.81251586 135.66986019 -385.40117303 0.1288 3.6105
8700 -92430.15275304 -97140.22211399 4959.80942122 135.67611990 -385.41618017 0.1287 3.6104
8750 -92430.15810449 -97140.21670878 4959.80703187 135.68082699 -385.42925457 0.1286 3.6104
8800 -92430.16348675 -97140.21025571 4959.80379179 135.68651631 -385.44353914 0.1285 3.6103
8850 -92430.16921796 -97140.20461417 4959.80132353 135.69200948 -385.45793681 0.1284 3.6103
8900 -92430.17445254 -97140.19848464 4959.79829867 135.69819077 -385.47245733 0.1284 3.6102
8950 -92430.17930820 -97140.19355906 4959.79605332 135.70342538 -385.48522784 0.1283 3.6102
9000 -92430.18382395 -97140.18873754 4959.79379724 135.70822942 -385.49711307 0.1282 3.6102
9050 -92430.18828438 -97140.18338805 4959.79113356 135.71154162 -385.50757151 0.1281 3.6101
9100 -92430.19267112 -97140.17866701 4959.78889114 135.71700249 -385.51989773 0.1280 3.6101
9150 -92430.19728043 -97140.17339785 4959.78632071 135.72107586 -385.53127916 0.1279 3.6100
9200 -92430.20218030 -97140.16901074 4959.78452283 135.72673724 -385.54442963 0.1279 3.6100
9250 -92430.20624734 -97140.16401419 4959.78193730 135.73186296 -385.55603342 0.1278 3.6100
9300 -92430.20957246 -97140.16082374 4959.78054468 135.73490705 -385.56420046 0.1277 3.6099
9350 -92430.21278530 -97140.15781874 4959.77924037 135.73821862 -385.57242555 0.1277 3.6099
9400 -92430.21602698 -97140.15399888 4959.77735349 135.74141301 -385.58079461 0.1276 3.6099
9450 -92430.21916203 -97140.15019354 4959.77540779 135.74353610 -385.58791238 0.1275 3.6098
9500 -92430.22247936 -97140.14648325 4959.77358888 135.74723718 -385.59682217 0.1275 3.6098
9550 -92430.22569027 -97140.14352392 4959.77231598 135.75049308 -385.60497541 0.1274 3.6098
9600 -92430.22876626 -97140.14008135 4959.77066022 135.75268225 -385.61202738 0.1274 3.6098
9650 -92430.23170432 -97140.13688068 4959.76909662 135.75729396 -385.62121422 0.1273 3.6097
9700 -92430.23464990 -97140.13387457 4959.76771428 135.76030767 -385.62879728 0.1273 3.6097
9750 -92430.23784060 -97140.13014733 4959.76584681 135.76362314 -385.63716321 0.1272 3.6096
9800 -92430.24134095 -97140.12626885 4959.76397192 135.76734284 -385.64638687 0.1272 3.6096
9850 -92430.24516186 -97140.12202507 4959.76193116 135.77079968 -385.65586763 0.1271 3.6096
9900 -92430.24889008 -97140.11864444 4959.76046682 135.77483198 -385.66554445 0.1270 3.6096
9950 -92430.25274013 -97140.11390440 4959.75801813 135.77816739 -385.67502125 0.1270 3.6095
10000 -92430.25680434 -97140.10947064 4959.75588071 135.78282904 -385.68604345 0.1269 3.6095
10050 -92430.26096916 -97140.10512555 4959.75384314 135.78733092 -385.69701768 0.1268 3.6094
10100 -92430.26520831 -97140.10047738 4959.75156280 135.79321185 -385.70950557 0.1267 3.6094
10150 -92430.26925684 -97140.09649742 4959.74974097 135.79616802 -385.71866841 0.1267 3.6094
10200 -92430.27336726 -97140.09228970 4959.74777645 135.80024910 -385.72910310 0.1266 3.6093
10250 -92430.27728936 -97140.08805256 4959.74573114 135.80480976 -385.73977771 0.1265 3.6093
10300 -92430.28078462 -97140.08482211 4959.74429335 135.80730845 -385.74756431 0.1265 3.6092
10350 -92430.28408076 -97140.08104289 4959.74240941 135.81033179 -385.75577907 0.1264 3.6092
10400 -92430.28758082 -97140.07756867 4959.74080849 135.81413666 -385.76495729 0.1263 3.6092
10450 -92430.29135658 -97140.07364760 4959.73896649 135.81749549 -385.77417096 0.1263 3.6091
10500 -92430.29531323 -97140.06879596 4959.73643692 135.82192673 -385.78488091 0.1262 3.6091
10550 -92430.29928147 -97140.06556445 4959.73517098 135.82638988 -385.79527787 0.1261 3.6091
10600 -92430.30274026 -97140.06181489 4959.73335827 135.83099645 -385.80528008 0.1261 3.6090
10650 -92430.30559241 -97140.05840270 4959.73158462 135.83414303 -385.81291737 0.1260 3.6090
10700 -92430.30841518 -97140.05558050 4959.73026485 135.83613535 -385.81923488 0.1260 3.6090
10750 -92430.31131017 -97140.05234323 4959.72865907 135.83909318 -385.82671920 0.1259 3.6090
10800 -92430.31421947 -97140.04960991 4959.72741565 135.84123375 -385.83325897 0.1259 3.6089
10850 -92430.31712959 -97140.04717011 4959.72643588 135.84428246 -385.84067782 0.1258 3.6089
10900 -92430.31992378 -97140.04385850 4959.72471039 135.84768629 -385.84846196 0.1258 3.6089
10950 -92430.32247241 -97140.04048071 4959.72288280 135.85091421 -385.85578872 0.1257 3.6088
11000 -92430.32522195 -97140.03802441 4959.72181802 135.85257539 -385.86159095 0.1257 3.6088
11050 -92430.32825057 -97140.03499481 4959.72040441 135.85557980 -385.86923997 0.1256 3.6088
11100 -92430.33163036 -97140.03130514 4959.71861120 135.85852553 -385.87746195 0.1256 3.6087
11150 -92430.33520815 -97140.02783052 4959.71698480 135.86294018 -385.88730261 0.1255 3.6087
11200 -92430.33893022 -97140.02406904 4959.71520419 135.86715444 -385.89721982 0.1254 3.6087
11250 -92430.34274682 -97140.01986360 4959.71310671 135.87111220 -385.90710214 0.1254 3.6086
11300 -92430.34711155 -97140.01549070 4959.71105199 135.87491667 -385.91758951 0.1253 3.6086
11350 -92430.35168673 -97140.01086633 4959.70887439 135.87905925 -385.92875404 0.1252 3.6085
11400 -92430.35522447 -97140.00724290 4959.70710810 135.88220850 -385.93729817 0.1252 3.6085
11450 -92430.35839361 -97140.00384566 4959.70541963 135.88679501 -385.94676259 0.1251 3.6085
11500 -92430.36174116 -97140.00019098 4959.70359486 135.89070919 -385.95585424 0.1250 3.6084
11550 -92430.36520723 -97139.99668108 4959.70190608 135.89575033 -385.96618257 0.1250 3.6084
11600 -92430.36811471 -97139.99390386 4959.70063257 135.89803636 -385.97287978 0.1249 3.6084
11650 -92430.37062885 -97139.99155957 4959.69954958 135.89861545 -385.97723431 0.1249 3.6083
11700 -92430.37302870 -97139.98888230 4959.69819271 135.90215615 -385.98449526 0.1249 3.6083
11750 -92430.37547132 -97139.98684343 4959.69733461 135.90486237 -385.99082488 0.1248 3.6083
11800 -92430.37799886 -97139.98415328 4959.69599742 135.90735277 -385.99719576 0.1248 3.6083
11850 -92430.38076798 -97139.98103942 4959.69443164 135.91006861 -386.00422881 0.1247 3.6082
11900 -92430.38354618 -97139.97841909 4959.69322172 135.91340528 -386.01175410 0.1247 3.6082
11950 -92430.38613781 -97139.97638436 4959.69242324 135.91561727 -386.01779396 0.1246 3.6082
12000 -92430.38868146 -97139.97347628 4959.69092606 135.91820509 -386.02433633 0.1246 3.6081
12050 -92430.39153837 -97139.97038818 4959.68936997 135.92119323 -386.03171339 0.1245 3.6081
12100 -92430.39498475 -97139.96655931 4959.68743471 135.92468872 -386.04054887 0.1245 3.6081
12150 -92430.39865425 -97139.96328000 4959.68595358 135.92843065 -386.04975847 0.1244 3.6080
12200 -92430.40301426 -97139.95884841 4959.68379862 135.93283872 -386.06080319 0.1243 3.6080
12250 -92430.40808072 -97139.95386412 4959.68142504 135.93785789 -386.07349953 0.1243 3.6079
12300 -92430.41403049 -97139.94795697 4959.67858854 135.94376576 -386.08842783 0.1242 3.6079
12350 -92430.42046224 -97139.94158506 4959.67556658 135.95109487 -386.10553862 0.1240 3.6078
12400 -92430.42585210 -97139.93604353 4959.67279528 135.95650777 -386.11911162 0.1240 3.6077
12450 -92430.43059431 -97139.93165402 4959.67077590 135.96002425 -386.12974043 0.1239 3.6077
12500 -92430.43472613 -97139.92771222 4959.66892780 135.96532682 -386.14126852 0.1238 3.6076
12550 -92430.43836210 -97139.92426190 4959.66730153 135.96873037 -386.15013210 0.1238 3.6076
12600 -92430.44176798 -97139.92059482 4959.66544201 135.97077401 -386.15738919 0.1237 3.6075
12650 -92430.44489792 -97139.91769559 4959.66408191 135.97604934 -386.16733358 0.1236 3.6075
12700 -92430.44798341 -97139.91450710 4959.66245663 135.97780421 -386.17373716 0.1236 3.6075
12750 -92430.45122939 -97139.91139494 4959.66098827 135.98080999 -386.18163271 0.1235 3.6074
12800 -92430.45520916 -97139.90748506 4959.65909647 135.98553980 -386.19236038 0.1235 3.6074
12850 -92430.45992635 -97139.90290368 4959.65689420 135.99038846 -386.20430533 0.1234 3.6073
12900 -92430.46532686 -97139.89762534 4959.65434690 135.99605338 -386.21810181 0.1233 3.6073
12950 -92430.47141357 -97139.89156299 4959.65138547 136.00258452 -386.23382057 0.1232 3.6072
13000 -92430.47792673 -97139.88540201 4959.64845229 136.00875316 -386.24973017 0.1231 3.6071
13050 -92430.48481622 -97139.87877569 4959.64525571 136.01572380 -386.26702004 0.1230 3.6071
13100 -92430.49231113 -97139.87150816 4959.64172772 136.02307423 -386.28560492 0.1229 3.6070
13150 -92430.49841550 -97139.86611980 4959.63930187 136.02973574 -386.30133331 0.1228 3.6069
13200 -92430.50139521 -97139.86304817 4959.63769101 136.03345119 -386.30948924 0.1227 3.6069
13250 -92430.50380706 -97139.86027448 4959.63623441 136.03517098 -386.31493797 0.1227 3.6068
13300 -92430.50592742 -97139.85859860 4959.63555290 136.03635789 -386.31923961 0.1226 3.6068
13350 -92430.50799247 -97139.85710351 4959.63493459 136.03858546 -386.32440902 0.1226 3.6068
13400 -92430.51012072 -97139.85521635 4959.63408103 136.04217547 -386.33116087 0.1226 3.6067
13450 -92430.51200635 -97139.85295514 4959.63283041 136.04342481 -386.33530642 0.1225 3.6067
13500 -92430.51390830 -97139.85114441 4959.63193747 136.04546579 -386.34016715 0.1225 3.6067
13550 -92430.51600322 -97139.84906074 4959.63092009 136.04712715 -386.34498973 0.1225 3.6067
13600 -92430.51879326 -97139.84664291 4959.62982794 136.05032411 -386.35230239 0.1224 3.6066
13650 -92430.52149052 -97139.84375499 4959.62832956 136.05176006 -386.35782515 0.1224 3.6066
13700 -92430.52407659 -97139.84131954 4959.62714226 136.05514765 -386.36504696 0.1223 3.6066
13750 -92430.52733075 -97139.83838958 4959.62575984 136.05879949 -386.37350050 0.1223 3.6065
13800 -92430.53133313 -97139.83458281 4959.62389787 136.06272427 -386.38337245 0.1222 3.6065
13850 -92430.53475834 -97139.83156339 4959.62251504 136.06605443 -386.39176442 0.1221 3.6064
13900 -92430.53697826 -97139.82915040 4959.62125716 136.06839880 -386.39748384 0.1221 3.6064
13950 -92430.53882922 -97139.82712160 4959.62018798 136.07155941 -386.40345502 0.1221 3.6064
14000 -92430.54059325 -97139.82585751 4959.61967756 136.07299915 -386.40741245 0.1221 3.6064
14050 -92430.54297178 -97139.82366325 4959.61862728 136.07493729 -386.41287310 0.1220 3.6063
14100 -92430.54612106 -97139.82079672 4959.61725382 136.07807037 -386.42064853 0.1220 3.6063
14150 -92430.54994459 -97139.81722410 4959.61552387 136.08191444 -386.43015881 0.1219 3.6063
14200 -92430.55446743 -97139.81302053 4959.61348277 136.08650221 -386.44143189 0.1218 3.6062
14250 -92430.55963694 -97139.80824035 4959.61117410 136.09168292 -386.45425361 0.1217 3.6061
14300 -92430.56545943 -97139.80289306 4959.60859300 136.09759738 -386.46875675 0.1216 3.6061
14350 -92430.57191241 -97139.79694482 4959.60570799 136.10416908 -386.48484466 0.1215 3.6060
14400 -92430.57871568 -97139.79113445 4959.60302066 136.11025674 -386.50085863 0.1214 3.6059
14450 -92430.58341200 -97139.78642363 4959.60062685 136.11556904 -386.51318426 0.1214 3.6058
14500 -92430.58761932 -97139.78246968 4959.59866969 136.12083057 -386.52464991 0.1213 3.6058
14550 -92430.59083185 -97139.77959393 4959.59732264 136.12297305 -386.53153362 0.1212 3.6057
14600 -92430.59340154 -97139.77718627 4959.59612625 136.12597119 -386.53831271 0.1212 3.6057
14650 -92430.59566312 -97139.77519105 4959.59518724 136.12861226 -386.54427158 0.1211 3.6057
14700 -92430.59769710 -97139.77344157 4959.59434127 136.13033461 -386.54893141 0.1211 3.6057
14750 -92430.59982629 -97139.77155565 4959.59344436 136.13177343 -386.55348842 0.1211 3.6056
14800 -92430.60196445 -97139.77005968 4959.59284290 136.13527460 -386.56002226 0.1210 3.6056
14850 -92430.60416110 -97139.76800270 4959.59181324 136.13663124 -386.56460288 0.1210 3.6056
14900 -92430.60641823 -97139.76598600 4959.59083556 136.13844887 -386.56971667 0.1210 3.6055
14950 -92430.60870701 -97139.76345731 4959.58948025 136.14148747 -386.57621742 0.1209 3.6055
15000 -92430.61101836 -97139.76146282 4959.58854998 136.14322021 -386.58132572 0.1209 3.6055
15050 -92430.61335436 -97139.75962301 4959.58772401 136.14678924 -386.58824460 0.1209 3.6054
15100 -92430.61557827 -97139.75701728 4959.58629873 136.14850776 -386.59336748 0.1208 3.6054
15150 -92430.61773436 -97139.75575636 4959.58587052 136.15028686 -386.59813538 0.1208 3.6054
15200 -92430.61977805 -97139.75401139 4959.58506833 136.15393769 -386.60477268 0.1207 3.6054
15250 -92430.62182032 -97139.75164832 4959.58373665 136.15488034 -386.60878900 0.1207 3.6053
15300 -92430.62397141 -97139.75024557 4959.58320692 136.15623735 -386.61317011 0.1207 3.6053
15350 -92430.62619174 -97139.74788078 4959.58195993 136.15905942 -386.61933031 0.1206 3.6053
15400 -92430.62830091 -97139.74606128 4959.58108307 136.16200302 -386.62532572 0.1206 3.6052
15450 -92430.63059193 -97139.74389638 4959.58000011 136.16403987 -386.63073552 0.1206 3.6052
15500 -92430.63293581 -97139.74187071 4959.57903861 136.16597106 -386.63607478 0.1205 3.6052
15550 -92430.63537699 -97139.73981554 4959.57808568 136.16851314 -386.64216027 0.1205 3.6052
15600 -92430.63763243 -97139.73823745 4959.57743680 136.17160923 -386.64844101 0.1205 3.6051
15650 -92430.63931970 -97139.73638201 4959.57642750 136.17305182 -386.65241701 0.1204 3.6051
15700 -92430.64099270 -97139.73518201 4959.57591952 136.17450475 -386.65623496 0.1204 3.6051
15750 -92430.64244646 -97139.73359691 4959.57503772 136.17657300 -386.66046028 0.1204 3.6051
15800 -92430.64378010 -97139.73263289 4959.57464881 136.17751484 -386.66331086 0.1204 3.6050
15850 -92430.64501097 -97139.73136948 4959.57396051 136.17880618 -386.66640817 0.1203 3.6050
15900 -92430.64627885 -97139.73043079 4959.57356070 136.17966377 -386.66907253 0.1203 3.6050
15950 -92430.64760587 -97139.72938864 4959.57309145 136.18100696 -386.67231564 0.1203 3.6050
16000 -92430.64890865 -97139.72782060 4959.57220260 136.18276019 -386.67605084 0.1203 3.6050
16050 -92430.65026037 -97139.72704188 4959.57195030 136.18380181 -386.67897060 0.1203 3.6049
16100 -92430.65158067 -97139.72546490 4959.57107033 136.18479618 -386.68198228 0.1202 3.6049
16150 -92430.65294777 -97139.72450479 4959.57068764 136.18633927 -386.68546989 0.1202 3.6049
16200 -92430.65449254 -97139.72292461 4959.56985768 136.18806677 -386.68949238 0.1202 3.6049
16250 -92430.65620287 -97139.72147325 4959.56916450 136.18883709 -386.69273121 0.1202 3.6049
16300 -92430.65822606 -97139.71965751 4959.56827299 136.19166888 -386.69851041 0.1201 3.6048
16350 -92430.66038080 -97139.71786781 4959.56743066 136.19409456 -386.70403821 0.1201 3.6048
16400 -92430.66182158 -97139.71684012 4959.56699497 136.19613146 -386.70810789 0.1201 3.6048
16450 -92430.66313034 -97139.71574032 4959.56646234 136.19707169 -386.71092404 0.1201 3.6048
16500 -92430.66446102 -97139.71441598 4959.56576698 136.19828640 -386.71409842 0.1200 3.6047
16550 -92430.66581405 -97139.71342344 4959.56534739 136.19921027 -386.71694827 0.1200 3.6047
16600 -92430.66717949 -97139.71197880 4959.56456767 136.20104947 -386.72081782 0.1200 3.6047
16650 -92430.66851193 -97139.71127074 4959.56435775 136.20247402 -386.72407296 0.1200 3.6047
16700 -92430.66985510 -97139.70977595 4959.56351674 136.20389827 -386.72749417 0.1200 3.6047
16750 -92430.67114162 -97139.70853094 4959.56289126 136.20512825 -386.73063018 0.1199 3.6047
16800 -92430.67242333 -97139.70763598 4959.56251337 136.20637317 -386.73367390 0.1199 3.6046
16850 -92430.67362928 -97139.70645811 4959.56189223 136.20761697 -386.73668037 0.1199 3.6046
16900 -92430.67490115 -97139.70552821 4959.56150660 136.20865566 -386.73953520 0.1199 3.6046
16950 -92430.67618875 -97139.70405795 4959.56068751 136.21014323 -386.74296155 0.1199 3.6046
17000 -92430.67741019 -97139.70304842 4959.56020809 136.21104080 -386.74561067 0.1198 3.6046
17050 -92430.67865775 -97139.70198123 4959.55969456 136.21333068 -386.74970175 0.1198 3.6046
17100 -92430.67996314 -97139.70155346 4959.55966964 136.21407965 -386.75215897 0.1198 3.6046
17150 -92430.68121775 -97139.69955223 4959.55842883 136.21530249 -386.75539684 0.1198 3.6045
17200 -92430.68247229 -97139.69962492 4959.55880700 136.21600173 -386.75765610 0.1198 3.6045
17250 -92430.68364649 -97139.69761347 4959.55755239 136.21716601 -386.76075143 0.1197 3.6045
17300 -92430.68487502 -97139.69693710 4959.55736397 136.21773055 -386.76303244 0.1197 3.6045
17350 -92430.68622797 -97139.69563269 4959.55668764 136.21883079 -386.76611371 0.1197 3.6045
17400 -92430.68757785 -97139.69444833 4959.55609683 136.22167197 -386.77089832 0.1197 3.6044
17450 -92430.68887909 -97139.69311472 4959.55540488 136.22204545 -386.77321470 0.1197 3.6044
17500 -92430.69017599 -97139.69183712 4959.55475407 136.22363577 -386.77672871 0.1196 3.6044
17550 -92430.69142668 -97139.69109474 4959.55449693 136.22441872 -386.77924759 0.1196 3.6044
17600 -92430.69273237 -97139.68988388 4959.55387503 136.22593171 -386.78265523 0.1196 3.6044
17650 -92430.69405220 -97139.68902332 4959.55353658 136.22785708 -386.78642254 0.1196 3.6043
17700 -92430.69550097 -97139.68720818 4959.55250176 136.22996385 -386.79075841 0.1196 3.6043
17750 -92430.69704902 -97139.68602548 4959.55196341 136.23171221 -386.79469917 0.1195 3.6043
17800 -92430.69859981 -97139.68475397 4959.55136210 136.23305428 -386.79826222 0.1195 3.6043
17850 -92430.70003949 -97139.68376470 4959.55094434 136.23507855 -386.80229768 0.1195 3.6042
17900 -92430.70139970 -97139.68242044 4959.55022974 136.23604741 -386.80525641 0.1195 3.6042
17950 -92430.70268906 -97139.68122212 4959.54964514 136.23744972 -386.80856181 0.1194 3.6042
18000 -92430.70387098 -97139.68086863 4959.54964343 136.23933764 -386.81198343 0.1194 3.6042
18050 -92430.70501016 -97139.67929973 4959.54872018 136.24020320 -386.81463382 0.1194 3.6042
18100 -92430.70615571 -97139.67875184 4959.54857007 136.24071274 -386.81668669 0.1194 3.6042
18150 -92430.70751456 -97139.67717685 4959.54771365 136.24198709 -386.82003845 0.1194 3.6041
18200 -92430.70903986 -97139.67596292 4959.54713907 136.24322449 -386.82344051 0.1193 3.6041
18250 -92430.71081329 -97139.67448016 4959.54642050 136.24492067 -386.82767429 0.1193 3.6041
18300 -92430.71262244 -97139.67329001 4959.54595093 136.24765437 -386.83293774 0.1193 3.6041
18350 -92430.71430293 -97139.67154473 4959.54500129 136.24857141 -386.83633089 0.1193 3.6040
18400 -92430.71577528 -97139.67055223 4959.54460226 136.25010935 -386.83993466 0.1192 3.6040
18450 -92430.71715142 -97139.66938650 4959.54404581 136.25205309 -386.84386382 0.1192 3.6040
18500 -92430.71844112 -97139.66812849 4959.54337816 136.25370159 -386.84739239 0.1192 3.6040
18550 -92430.71985934 -97139.66643629 4959.54242529 136.25458838 -386.85043672 0.1192 3.6040
18600 -92430.72135516 -97139.66546060 4959.54203182 136.25625677 -386.85418315 0.1191 3.6039
18650 -92430.72284446 -97139.66457390 4959.54170950 136.25765145 -386.85763151 0.1191 3.6039
18700 -92430.72433333 -97139.66316444 4959.54099512 136.25987952 -386.86204352 0.1191 3.6039
18750 -92430.72591608 -97139.66152860 4959.54010982 136.26144555 -386.86594284 0.1191 3.6039
18800 -92430.72756624 -97139.66034714 4959.53958766 136.26257087 -386.86937764 0.1191 3.6038
18850 -92430.72911282 -97139.65921498 4959.53910200 136.26389138 -386.87289122 0.1190 3.6038
18900 -92430.73034923 -97139.65816222 4959.53856563 136.26680731 -386.87755994 0.1190 3.6038
18950 -92430.73142130 -97139.65694744 4959.53790056 136.26681836 -386.87919278 0.1190 3.6038
19000 -92430.73246635 -97139.65594996 4959.53737611 136.26766485 -386.88155735 0.1190 3.6038
19050 -92430.73353148 -97139.65526676 4959.53711133 136.26903363 -386.88440969 0.1190 3.6038
19100 -92430.73462624 -97139.65419531 4959.53653791 136.26971121 -386.88668005 0.1189 3.6037
19150 -92430.73573497 -97139.65382812 4959.53654583 136.27095287 -386.88940555 0.1189 3.6037
19200 -92430.73682841 -97139.65270349 4959.53593604 136.27230267 -386.89236363 0.1189 3.6037
19250 -92430.73794058 -97139.65153629 4959.53531934 136.27263789 -386.89436153 0.1189 3.6037
19300 -92430.73911530 -97139.65048137 4959.53477620 136.27437907 -386.89778920 0.1189 3.6037
19350 -92430.74040281 -97139.64976835 4959.53451996 136.27641891 -386.90157333 0.1189 3.6037
19400 -92430.74176275 -97139.64946909 4959.53462551 136.27776161 -386.90468078 0.1188 3.6036
19450 -92430.74318940 -97139.64725858 4959.53326729 136.27865212 -386.90785023 0.1188 3.6036
19500 -92430.74439145 -97139.64658988 4959.53302851 136.28029526 -386.91112533 0.1188 3.6036
19550 -92430.74550013 -97139.64512858 4959.53216361 136.28175385 -386.91428900 0.1188 3.6036
19600 -92430.74661676 -97139.64420878 4959.53172394 136.28216979 -386.91630170 0.1188 3.6036
19650 -92430.74775962 -97139.64372176 4959.53163568 136.28385838 -386.91953192 0.1187 3.6036
19700 -92430.74889276 -97139.64273758 4959.53115664 136.28433985 -386.92165167 0.1187 3.6035
19750 -92430.75004798 -97139.64184334 4959.53074963 136.28582752 -386.92478179 0.1187 3.6035
19800 -92430.75123272 -97139.64057001 4959.53004872 136.28714690 -386.92785833 0.1187 3.6035
19850 -92430.75233168 -97139.63954393 4959.52952921 136.28854446 -386.93086143 0.1187 3.6035
19900 -92430.75337091 -97139.63891824 4959.52929096 136.29054198 -386.93428561 0.1187 3.6035
19950 -92430.75442342 -97139.63769105 4959.52859351 136.29077338 -386.93609926 0.1187 3.6035
20000 -92430.75558605 -97139.63707521 4959.52839785 136.29158528 -386.93849397 0.1186 3.6034
