0 -92826.6058698076230939
50 -92838.9416223126900150
100 -92850.6476227519306121
150 -92869.8468770511972252
200 -92892.6866957366000861
250 -92908.4164664500858635
300 -92913.3880203982844250
350 -92916.3630629846302327
400 -92918.4746182450035121
450 -92920.0144812929356704
500 -92921.1538465811463539
550 -92922.0133175475493772
600 -92922.6696122538851341
650 -92923.2038291689241305
700 -92923.6041679796762764
750 -92923.9474685657332884
800 -92924.2057291159871966
850 -92924.3733529043383896
900 -92924.5128164493216900
950 -92924.6547661461227108
1000 -92925.0843231787730474
1050 -92925.1625121084653074
1100 -92925.1869795039383462
1150 -92925.2291853087226627
1200 -92925.2862716458621435
1250 -92925.3552840598713374
1300 -92925.4310268712724792
1350 -92925.5097524231969146
1400 -92925.5897871519555338
1450 -92925.6715483733132714
1500 -92925.7519792179664364
1550 -92925.8303036725556012
1600 -92925.9055177586560603
1650 -92925.9789340030256426
1700 -92926.0496398529212456
1750 -92926.1188340623775730
1800 -92926.1869556863675825
1850 -92926.2522784002940170
1900 -92926.3173453368362971
1950 -92926.3804275438014884
2000 -92926.4395128819451202
2050 -92926.4955318128631916
2100 -92926.5491116760385921
2150 -92926.6020679851353634
2200 -92926.6553635300660972
2250 -92926.7003431656630710
2300 -92926.7424142771487823
2350 -92926.7848940891562961
2400 -92926.8267473639571108
2450 -92926.8677983194065746
2500 -92926.9062424960575299
2550 -92926.9435916100919712
2600 -92926.9788149255909957
2650 -92927.0121806240058504
2700 -92927.0444296015630243
2750 -92927.0762517779076006
2800 -92927.1116336214909097
2850 -92927.1463285632489715
2900 -92927.1848204975831322
2950 -92927.2283518096228363
3000 -92927.2741768760315608
3050 -92927.3217212412855588
3100 -92927.3692548663821071
3150 -92927.4135407337016659
3200 -92927.4586148711823625
3250 -92927.4948887308564736
3300 -92927.5295942185912281
3350 -92927.5637712587777060
3400 -92927.5955356653867057
3450 -92927.6306271551002283
3500 -92927.6690039850363974
3550 -92927.7091370814596303
3600 -92927.7492384395591216
3650 -92927.7883480737655191
3700 -92927.8171803468285361
3750 -92927.8421170703513781
3800 -92927.8651399591326481
3850 -92927.8854332836490357
3900 -92927.9045976521883858
3950 -92927.9229892867733724
4000 -92927.9415354784141527
4050 -92927.9586340490495786
4100 -92927.9732140313717537
4150 -92927.9865887693740660
4200 -92927.9997153854346834
4250 -92928.0155812450830126
4300 -92928.0322119317279430
4350 -92928.0511685157252941
4400 -92928.0709545513236662
4450 -92928.0864112532872241
4500 -92928.1004688934044680
4550 -92928.1137185186235001
4600 -92928.1264538732211804
4650 -92928.1396890493197134
4700 -92928.1535641218506498
4750 -92928.1660358761146199
4800 -92928.1781937564810505
4850 -92928.1905982728931122
4900 -92928.2024163426540326
4950 -92928.2141504360770341
5000 -92928.2253324667399283
5050 -92928.2364984992600512
5100 -92928.2469477111735614
5150 -92928.2572255827981280
5200 -92928.2697552460595034
5250 -92928.2845009529846720
5300 -92928.3016691203811206
5350 -92928.3202861757454230
5400 -92928.3354952427034732
5450 -92928.3475607687578304
5500 -92928.3595963256084360
5550 -92928.3738391670340206
5600 -92928.3896092996583320
5650 -92928.4063070035335841
5700 -92928.4239993326045806
5750 -92928.4404114065982867
5800 -92928.4554440457723103
5850 -92928.4705121468723519
5900 -92928.4832746213360224
5950 -92928.4946273559471592
6000 -92928.5051424267876428
6050 -92928.5154117991332896
6100 -92928.5263150637038052
6150 -92928.5373252980207326
6200 -92928.5492579742713133
6250 -92928.5628919346636394
6300 -92928.5776302721351385
6350 -92928.5931963459297549
6400 -92928.6102397057984490
6450 -92928.6242408854450332
6500 -92928.6321158970386023
6550 -92928.6385982562642312
6600 -92928.6452743878908223
6650 -92928.6523493957793107
6700 -92928.6591773488762556
6750 -92928.6658399461448425
6800 -92928.6726679533021525
6850 -92928.6796369401126867
6900 -92928.6866728743480053
6950 -92928.6950348599784775
7000 -92928.7047375830879901
7050 -92928.7142050829424988
7100 -92928.7219669400219573
7150 -92928.7299041187216062
7200 -92928.7372261569980765
7250 -92928.7441860191465821
7300 -92928.7505248707166174
7350 -92928.7556279242708115
7400 -92928.7603405908448622
7450 -92928.7655536836682586
7500 -92928.7712154726177687
7550 -92928.7760234253801173
7600 -92928.7804407991498010
7650 -92928.7848514636716573
7700 -92928.7898035775288008
7750 -92928.7951782860618550
7800 -92928.8008538463764125
7850 -92928.8065542809781618
7900 -92928.8120063370442949
7950 -92928.8162923612690065
8000 -92928.8206385140947532
8050 -92928.8253150443633785
8100 -92928.8301679981377674
8150 -92928.8342336511559552
8200 -92928.8375622776075033
8250 -92928.8411628203321015
8300 -92928.8454339809686644
8350 -92928.8508118795580231
8400 -92928.8572987414227100
8450 -92928.8649047140061157
8500 -92928.8734440034022555
8550 -92928.8826054410747020
8600 -92928.8906496428098762
8650 -92928.8967517357523320
8700 -92928.9020627874560887
8750 -92928.9081973112770356
8800 -92928.9153605091705685
8850 -92928.9231528415984940
8900 -92928.9299073547445005
8950 -92928.9357456706929952
9000 -92928.9401552078343229
9050 -92928.9446097360196291
9100 -92928.9489128365385113
9150 -92928.9529024578951066
9200 -92928.9567364725808147
9250 -92928.9605376856488874
9300 -92928.9642092035937821
9350 -92928.9677413546305615
9400 -92928.9716796453285497
9450 -92928.9764736505458131
9500 -92928.9811982914980035
9550 -92928.9863131949095987
9600 -92928.9918865035142517
9650 -92928.9980648396740435
9700 -92929.0049509779055370
9750 -92929.0125139642914291
9800 -92929.0193207429110771
9850 -92929.0236328725877684
9900 -92929.0272215360309929
9950 -92929.0302999912528321
10000 -92929.0328898537263740
10050 -92929.0353690363990609
10100 -92929.0377645728294738
10150 -92929.0402107492554933
10200 -92929.0428503516159253
10250 -92929.0461255774571327
10300 -92929.0502017901599174
10350 -92929.0542370770563139
10400 -92929.0578174182883231
10450 -92929.0615915300440975
10500 -92929.0651081707474077
10550 -92929.0676427860453259
10600 -92929.0698945249750977
10650 -92929.0720701767568244
10700 -92929.0744616873125779
10750 -92929.0771630733506754
10800 -92929.0794916476588696
10850 -92929.0816132371255662
10900 -92929.0837082559301052
10950 -92929.0858867482020287
11000 -92929.0880727026378736
11050 -92929.0902998790261336
11100 -92929.0926300262217410
11150 -92929.0949961435835576
11200 -92929.0974295660998905
11250 -92929.0997867511905497
11300 -92929.1020112498081289
11350 -92929.1041649929684354
11400 -92929.1063739595119841
11450 -92929.1086356682499172
11500 -92929.1108891505864449
11550 -92929.1130856241652509
11600 -92929.1155938701995183
11650 -92929.1182773917098530
11700 -92929.1206377623020671
11750 -92929.1229895820870297
11800 -92929.1255147244082764
11850 -92929.1279704775806749
11900 -92929.1304748303082306
11950 -92929.1326124251063447
12000 -92929.1342235877527855
12050 -92929.1356764459196711
12100 -92929.1370674013742246
12150 -92929.1385209859436145
12200 -92929.1401263238512911
12250 -92929.1418006110325223
12300 -92929.1435331012471579
12350 -92929.1452197983307997
12400 -92929.1468772432563128
12450 -92929.1485421619290719
12500 -92929.1502064530941425
12550 -92929.1519263167720055
12600 -92929.1538625508401310
12650 -92929.1560292240174022
12700 -92929.1581498340092367
12750 -92929.1599943766341312
12800 -92929.1614230569975916
12850 -92929.1630134060978889
12900 -92929.1650900599779561
12950 -92929.1673358133994043
13000 -92929.1696555611852091
13050 -92929.1717210709903156
13100 -92929.1733715861919336
13150 -92929.1749270685832016
13200 -92929.1764597271976527
13250 -92929.1780449306825176
13300 -92929.1797106960002566
13350 -92929.1814829931972781
13400 -92929.1832898246066179
13450 -92929.1850100840965752
13500 -92929.1866835629625712
13550 -92929.1884497419960098
13600 -92929.1905840101680951
13650 -92929.1924978365132120
13700 -92929.1945534072874580
13750 -92929.1967840773868375
13800 -92929.1991602149500977
13850 -92929.2018303591903532
13900 -92929.2048565486184089
13950 -92929.2072344004263869
14000 -92929.2089774945925456
14050 -92929.2105177527992055
14100 -92929.2120031688682502
14150 -92929.2133275551605038
14200 -92929.2147985960909864
14250 -92929.2166381726565305
14300 -92929.2188344245078042
14350 -92929.2211945401650155
14400 -92929.2239269203710137
14450 -92929.2267145483492641
14500 -92929.2292130250425544
14550 -92929.2319785657455213
14600 -92929.2348834080330562
14650 -92929.2374911794468062
14700 -92929.2392181063769385
14750 -92929.2403240889398148
14800 -92929.2412209234025795
14850 -92929.2422409685241291
14900 -92929.2434228154888842
14950 -92929.2445003535394790
15000 -92929.2454063767363550
15050 -92929.2464887153910240
15100 -92929.2476762183941901
15150 -92929.2488032216497231
15200 -92929.2497718642989639
15250 -92929.2506118044839241
15300 -92929.2513992720923852
15350 -92929.2521301455708453
15400 -92929.2528482096240623
15450 -92929.2537346314347815
15500 -92929.2547823719796725
15550 -92929.2558631717256503
15600 -92929.2570436560054077
15650 -92929.2582938559353352
15700 -92929.2594506192981498
15750 -92929.2604479083965998
15800 -92929.2612585816095816
15850 -92929.2621601532446221
15900 -92929.2631768870924134
15950 -92929.2640333024901338
16000 -92929.2649153383972589
16050 -92929.2658830804575700
16100 -92929.2669349725620123
16150 -92929.2682517682114849
16200 -92929.2696945650095586
16250 -92929.2714189789403463
16300 -92929.2734861806966364
16350 -92929.2756968264293391
16400 -92929.2777072260360001
16450 -92929.2793815507902764
16500 -92929.2810495170415379
16550 -92929.2829776802391279
16600 -92929.2848494935897179
16650 -92929.2862166470586089
16700 -92929.2874728147580754
16750 -92929.2889954313141061
16800 -92929.2908176841447130
16850 -92929.2924836982856505
16900 -92929.2938879361172440
16950 -92929.2951966437103692
17000 -92929.2966972596914275
17050 -92929.2980860660172766
17100 -92929.2994280731800245
17150 -92929.3005191943084355
17200 -92929.3013712913525524
17250 -92929.3021859596483409
17300 -92929.3030443598399870
17350 -92929.3037813937989995
17400 -92929.3044166876061354
17450 -92929.3049785713810707
17500 -92929.3055562856170582
17550 -92929.3061527516110800
17600 -92929.3067789211781928
17650 -92929.3074825582152698
17700 -92929.3082573680731002
17750 -92929.3090283481142251
17800 -92929.3096585026214598
17850 -92929.3102680696028983
17900 -92929.3109383752889698
17950 -92929.3115518072299892
18000 -92929.3121316935576033
18050 -92929.3127696252777241
18100 -92929.3134376620728290
18150 -92929.3141727706242818
18200 -92929.3149383422860410
18250 -92929.3157030834263423
18300 -92929.3164200203318615
18350 -92929.3171083505003480
18400 -92929.3177951485413359
18450 -92929.3185372144507710
18500 -92929.3192696208570851
18550 -92929.3200375410378911
18600 -92929.3209419456106843
18650 -92929.3217406244948506
18700 -92929.3223754135979107
18750 -92929.3229345029540127
18800 -92929.3235527491342509
18850 -92929.3242169288569130
18900 -92929.3250108484789962
18950 -92929.3257966505625518
19000 -92929.3265122000593692
19050 -92929.3272881034354214
19100 -92929.3280605996551458
19150 -92929.3289007980492897
19200 -92929.3296517665730789
19250 -92929.3302157651196467
19300 -92929.3307225150201702
19350 -92929.3312196993792895
19400 -92929.3317848535516532
19450 -92929.3324703402468003
19500 -92929.3331091857544379
19550 -92929.3337086402752902
19600 -92929.3345498875860358
19650 -92929.3357096118561458
19700 -92929.3368404626671690
19750 -92929.3377495541935787
19800 -92929.3384681925090263
19850 -92929.3391216370218899
19900 -92929.3396923718537437
19950 -92929.3402116043434944
20000 -92929.3407978799805278
20001 -92929.3407978799805278
