0 -144288.9285434680350590
50 -144307.2978162279177923
100 -144323.0703777722956147
150 -144350.0123605512198992
200 -144383.8804581584117841
250 -144409.1853506463812664
300 -144417.3693440392089542
350 -144422.3673478574200999
400 -144426.0417592972517014
450 -144428.9445006189343985
500 -144431.3590127579227556
550 -144433.4328699430625420
600 -144435.2393221897364128
650 -144436.8181168911105487
700 -144438.2002224638126791
750 -144439.3970513996900991
800 -144440.4276751299039461
850 -144441.3143416729581077
900 -144442.0770299411087763
950 -144442.7384289818000980
1000 -144444.7090371634985786
1050 -144445.3859102100250311
1100 -144445.4273106364416890
1150 -144445.4918902090576012
1200 -144445.5761800828040577
1250 -144445.6780035062984098
1300 -144445.7950651185528841
1350 -144445.9257096569926944
1400 -144446.0655543558532372
1450 -144446.2122347816475667
1500 -144446.3629775030713063
1550 -144446.5181370602513198
1600 -144446.6681909970939159
1650 -144446.8113923024211545
1700 -144446.9539342877978925
1750 -144447.0948216428805608
1800 -144447.2367778186162468
1850 -144447.3724820585339330
1900 -144447.5088427681766916
1950 -144447.6445849740994163
2000 -144447.7751242684316821
2050 -144447.9011699730472174
2100 -144448.0199911442759912
2150 -144448.1397328433813527
2200 -144448.2580839122529142
2250 -144448.3714860552572645
2300 -144448.4805773704429157
2350 -144448.5902284644253086
2400 -144448.6967875473201275
2450 -144448.7978924613562413
2500 -144448.9026871707173996
2550 -144449.0140895447984803
2600 -144449.1241758355463389
2650 -144449.2284489553130697
2700 -144449.3336297321075108
2750 -144449.4419953302131034
2800 -144449.5504016785125714
2850 -144449.6543069234176073
2900 -144449.7541197401878890
2950 -144449.8522017096402124
3000 -144449.9480282729200553
3050 -144450.0433339894807432
3100 -144450.1442493297508918
3150 -144450.2486333126726095
3200 -144450.3616571988386568
3250 -144450.4815853752370458
3300 -144450.6024794862314593
3350 -144450.7269836667110212
3400 -144450.8558795901481062
3450 -144450.9813458637800068
3500 -144451.1120879736554343
3550 -144451.2422243518230971
3600 -144451.3599827765137888
3650 -144451.4700355346722063
3700 -144451.5758764945203438
3750 -144451.6790735464019235
3800 -144451.7794901225424837
3850 -144451.8861609020095784
3900 -144452.0003503224288579
3950 -144452.1154316295869648
4000 -144452.2786124177218881
4050 -144452.3281052531965543
4100 -144452.3495586707722396
4150 -144452.3851884795585647
4200 -144452.4335026720655151
4250 -144452.4924972060834989
4300 -144452.5593378421617672
4350 -144452.6348115765431430
4400 -144452.7164751752861775
4450 -144452.8005709591088817
4500 -144452.8866625122609548
4550 -144452.9706764527072664
4600 -144453.0533281738753431
4650 -144453.1350299461919349
4700 -144453.2160025222110562
4750 -144453.2936353788536508
4800 -144453.3665867878298741
4850 -144453.4376895301393233
4900 -144453.5128880497650243
4950 -144453.5911129489541054
5000 -144453.6814317159005441
5050 -144453.7288447242463008
5100 -144453.7485211681050714
5150 -144453.7799946162267588
5200 -144453.8210972249216866
5250 -144453.8693943838297855
5300 -144453.9214370830450207
5350 -144453.9754531570360996
5400 -144454.0315687946567778
5450 -144454.0862235997628886
5500 -144454.1396402561222203
5550 -144454.1886745493684430
5600 -144454.2355307645921130
5650 -144454.2819184999098070
5700 -144454.3268821169040166
5750 -144454.3685567211650778
5800 -144454.4083139849535655
5850 -144454.4478731176059227
5900 -144454.4869855299475603
5950 -144454.5254647636320442
6000 -144454.5629321199376136
6050 -144454.5984890122781508
6100 -144454.6314170720870607
6150 -144454.6628767055517528
6200 -144454.6941618106793612
6250 -144454.7283629456942435
6300 -144454.7649061307311058
6350 -144454.7978986797097605
6400 -144454.8302709509443957
6450 -144454.8665952314622700
6500 -144454.9061712753609754
6550 -144454.9460498443222605
6600 -144454.9858120795106515
6650 -144455.0227384292520583
6700 -144455.0575182195170783
6750 -144455.0934172186825890
6800 -144455.1296984483778942
6850 -144455.1650259723828640
6900 -144455.2002067431167234
6950 -144455.2352069541520905
7000 -144455.2717501126753632
7050 -144455.3116926576767582
7100 -144455.3549741192255169
7150 -144455.3978897293854970
7200 -144455.4306232963572256
7250 -144455.4591340135375503
7300 -144455.4903005255619064
7350 -144455.5244857651414350
7400 -144455.5569369024015032
7450 -144455.5847345868241973
7500 -144455.6070857312879525
7550 -144455.6284058084711432
7600 -144455.6498248725256417
7650 -144455.6705776515009347
7700 -144455.6896849384938832
7750 -144455.7082145132590085
7800 -144455.7264458001882304
7850 -144455.7442012085521128
7900 -144455.7617904826474842
7950 -144455.7787908461177722
8000 -144455.7960292161151301
8050 -144455.8125564407673664
8100 -144455.8289878903015051
8150 -144455.8450960257905535
8200 -144455.8613376223947853
8250 -144455.8777396127115935
8300 -144455.8946602816577069
8350 -144455.9107770929113030
8400 -144455.9262971145799384
8450 -144455.9415323727007490
8500 -144455.9563055371691007
8550 -144455.9705830392194912
8600 -144455.9846628646482714
8650 -144455.9987268363183830
8700 -144456.0130531123431865
8750 -144456.0276966847886797
8800 -144456.0422645355865825
8850 -144456.0566641849291045
8900 -144456.0710718713817187
8950 -144456.0847403276711702
9000 -144456.0983260772190988
9050 -144456.1112384967855178
9100 -144456.1242148754827213
9150 -144456.1374225002946332
9200 -144456.1503635448170826
9250 -144456.1631478035415057
9300 -144456.1764222956553567
9350 -144456.1899944240867626
9400 -144456.2029751307563856
9450 -144456.2157110056141391
9500 -144456.2285379907989409
9550 -144456.2417401538114063
9600 -144456.2548485937877558
9650 -144456.2676575554942247
9700 -144456.2806832001369912
9750 -144456.2940390990697779
9800 -144456.3072011183539871
9850 -144456.3204854099312797
9900 -144456.3336540618329309
9950 -144456.3464818571228534
10000 -144456.3592348551901523
10050 -144456.3730950042954646
10100 -144456.3884163044276647
10150 -144456.4045893664006144
10200 -144456.4210042489285115
10250 -144456.4366273978666868
10300 -144456.4508688431233168
10350 -144456.4640587174217217
10400 -144456.4761848971247673
10450 -144456.4874681551882531
10500 -144456.4984450374613516
10550 -144456.5087168911704794
10600 -144456.5188566966971848
10650 -144456.5285903551557567
10700 -144456.5380464312911499
10750 -144456.5479636298259720
10800 -144456.5577641623094678
10850 -144456.5668992203136440
10900 -144456.5759355065238196
10950 -144456.5848098986025434
11000 -144456.5940089637006167
11050 -144456.6035534735710826
11100 -144456.6128504421794787
11150 -144456.6223519596678670
11200 -144456.6321606132551096
11250 -144456.6418704670504667
11300 -144456.6512545830919407
11350 -144456.6604222465248313
11400 -144456.6696190825896338
11450 -144456.6788679228338879
11500 -144456.6878975934523623
11550 -144456.6973925274796784
11600 -144456.7073584215540905
11650 -144456.7174871914612595
11700 -144456.7269602558517363
11750 -144456.7361547315667849
11800 -144456.7453353503951803
11850 -144456.7545188039075583
11900 -144456.7636583330458961
11950 -144456.7726297918125056
12000 -144456.7814568143512588
12050 -144456.7899411186226644
12100 -144456.7985265695024282
12150 -144456.8071884182281792
12200 -144456.8161429376923479
12250 -144456.8252569183532614
12300 -144456.8340559752541594
12350 -144456.8424081003759056
12400 -144456.8505469226802234
12450 -144456.8584091289958451
12500 -144456.8660844281257596
12550 -144456.8736180796113331
12600 -144456.8813341606000904
12650 -144456.8892657521646470
12700 -144456.8975542090192903
12750 -144456.9057895648293197
12800 -144456.9137356387800537
12850 -144456.9212339142395649
12900 -144456.9285940392001066
12950 -144456.9363529234251473
13000 -144456.9443642096885014
13050 -144456.9523387842345983
13100 -144456.9601005367585458
13150 -144456.9679179379600100
13200 -144456.9754471192427445
13250 -144456.9823939297057223
13300 -144456.9893014064291492
13350 -144456.9967033545253798
13400 -144457.0037996226747055
13450 -144457.0109161662112456
13500 -144457.0180873418576084
13550 -144457.0256022969260812
13600 -144457.0335169898462482
13650 -144457.0415502178657334
13700 -144457.0487420728313737
13750 -144457.0552879706083331
13800 -144457.0617999676906038
13850 -144457.0683719854569063
13900 -144457.0749547212617472
13950 -144457.0815674857585691
14000 -144457.0883086528338026
14050 -144457.0951520592207089
14100 -144457.1018992235476617
14150 -144457.1083933956688270
14200 -144457.1149196141050197
14250 -144457.1214587696013041
14300 -144457.1278909409593325
14350 -144457.1340042481024284
14400 -144457.1400679791986477
14450 -144457.1458368361345492
14500 -144457.1517317201942205
14550 -144457.1578349747287575
14600 -144457.1638648716034368
14650 -144457.1700448124902323
14700 -144457.1761431720515247
14750 -144457.1820874966797419
14800 -144457.1878507558722049
14850 -144457.1937034095462877
14900 -144457.1999233624082990
14950 -144457.2062183322850615
15000 -144457.2125464025011752
15050 -144457.2186490293534007
15100 -144457.2247784333303571
15150 -144457.2305784829950426
15200 -144457.2362190623243805
15250 -144457.2421220548858400
15300 -144457.2477094059577212
15350 -144457.2530396839429159
15400 -144457.2582840450922959
15450 -144457.2635662429966033
15500 -144457.2689627891522832
15550 -144457.2744018023659009
15600 -144457.2798186231811997
15650 -144457.2850807686918415
15700 -144457.2903666982310824
15750 -144457.2955663143657148
15800 -144457.3006631637108512
15850 -144457.3057954230462201
15900 -144457.3111823904619087
15950 -144457.3166550336754881
16000 -144457.3221736037812661
16050 -144457.3275664268003311
16100 -144457.3329990041675046
16150 -144457.3383896028390154
16200 -144457.3437935568508692
16250 -144457.3489430404733866
16300 -144457.3539734250225592
16350 -144457.3589492723695002
16400 -144457.3637946444214322
16450 -144457.3684572184283752
16500 -144457.3730771436530631
16550 -144457.3779977705853526
16600 -144457.3831257186830044
16650 -144457.3881547104101628
16700 -144457.3931837267009541
16750 -144457.3982091211946681
16800 -144457.4030882742954418
16850 -144457.4079284997133072
16900 -144457.4124892109248322
16950 -144457.4169107543712016
17000 -144457.4211372232239228
17050 -144457.4252410830231383
17100 -144457.4294002124515828
17150 -144457.4337518576357979
17200 -144457.4382951708103064
17250 -144457.4430958174343687
17300 -144457.4476946537615731
17350 -144457.4520947968121618
17400 -144457.4564793778117746
17450 -144457.4609333443804644
17500 -144457.4653448674944229
17550 -144457.4697686327563133
17600 -144457.4742989201913588
17650 -144457.4788433824724052
17700 -144457.4831067907507531
17750 -144457.4873775780724827
17800 -144457.4916654488770291
17850 -144457.4958152648468968
17900 -144457.4998970740416553
17950 -144457.5038955693016760
18000 -144457.5079091451771092
18050 -144457.5119916269322857
18100 -144457.5160635355277918
18150 -144457.5202561798214447
18200 -144457.5245885432232171
18250 -144457.5286856390885077
18300 -144457.5325090095866472
18350 -144457.5363626814214513
18400 -144457.5401506786001846
18450 -144457.5440144028107170
18500 -144457.5479357460862957
18550 -144457.5518213157483842
18600 -144457.5557365572312847
18650 -144457.5594727695570327
18700 -144457.5630785255052615
18750 -144457.5666387150413357
18800 -144457.5702559560886584
18850 -144457.5739712190697901
18900 -144457.5775170763081405
18950 -144457.5810979836096521
19000 -144457.5846524005755782
19050 -144457.5881328115065116
19100 -144457.5915686792868655
19150 -144457.5948676989355590
19200 -144457.5982158819097094
19250 -144457.6016534960945137
19300 -144457.6049875768367201
19350 -144457.6082666934817098
19400 -144457.6115662369702477
19450 -144457.6149257683136966
19500 -144457.6183118689223193
19550 -144457.6216938013676554
19600 -144457.6249871684703976
19650 -144457.6281436445715372
19700 -144457.6313363757508341
19750 -144457.6346062302473001
19800 -144457.6377798517933115
19850 -144457.6408234825066756
19900 -144457.6438451651192736
19950 -144457.6468446382787079
20000 -144457.6498400142882019
20001 -144457.6498400142882019
