0 -90858.9707638581166975
50 -91815.8654489505861420
100 -91871.0200267211912433
150 -91882.3742021448124433
200 -91890.0541242726467317
250 -91895.2280676979135023
300 -91898.7634697128960397
350 -91901.2052978462306783
400 -91902.9087807161849923
450 -91904.1138893515308155
500 -91904.9813071437383769
550 -91905.6193597243400291
600 -91906.0773835980508011
650 -91906.4449716329836519
700 -91906.7357761413150001
750 -91906.9772792464646045
800 -91907.1982147532689851
850 -91907.3919225431309314
900 -91907.5694192725495668
950 -91907.7334297173656523
1000 -91907.8979628297383897
1050 -91907.9337306618253933
1100 -91907.9577668911515502
1150 -91907.9957982517516939
1200 -91908.0456129475787748
1250 -91908.1058812943374505
1300 -91908.1760321982874302
1350 -91908.2560041161050322
1400 -91908.3433099756075535
1450 -91908.4375705580605427
1500 -91908.5411853771074675
1550 -91908.6539100313384552
1600 -91908.7752121662633726
1650 -91908.8991639770392794
1700 -91909.0194917851185892
1750 -91909.1410591603780631
1800 -91909.2611415696592303
1850 -91909.3795454317150870
1900 -91909.4963020672730636
1950 -91909.6114078099635663
2000 -91909.7008160977711668
2050 -91909.7691205887385877
2100 -91909.8438981598883402
2150 -91909.9268403949099593
2200 -91910.0177562361932360
2250 -91910.1164037170819938
2300 -91910.2224598376196809
2350 -91910.3283127780887298
2400 -91910.4129674340656493
2450 -91910.4735115112416679
2500 -91910.5369938918447588
2550 -91910.5995921689172974
2600 -91910.6687719408801058
2650 -91910.7406162058323389
2700 -91910.8133595575927757
2750 -91910.8880414150480647
2800 -91910.9638354035560042
2850 -91911.0456259009370115
2900 -91911.1296050121891312
2950 -91911.2007960293121869
3000 -91911.2665181255724747
3050 -91911.3349256479996257
3100 -91911.4028667215025052
3150 -91911.4734986140974797
3200 -91911.5440286630910123
3250 -91911.6118719466176117
3300 -91911.6765602377709001
3350 -91911.7422508456220385
3400 -91911.8047426701668883
3450 -91911.8624890858918661
3500 -91911.9180086476408178
3550 -91911.9702707280957839
3600 -91912.0261854359559948
3650 -91912.0844584147125715
3700 -91912.1423071011085995
3750 -91912.2044574958854355
3800 -91912.2705953592958394
3850 -91912.3357501845457591
3900 -91912.3985307535913307
3950 -91912.4493154104857240
4000 -91912.4976279934780905
4050 -91912.5478632750746328
4100 -91912.5991559200338088
4150 -91912.6517440179304685
4200 -91912.6990209936193423
4250 -91912.7413478606031276
4300 -91912.7815701658837497
4350 -91912.8227355113485828
4400 -91912.8639021017734194
4450 -91912.9054838104930241
4500 -91912.9485904652392492
4550 -91912.9946422429784434
4600 -91913.0423656810307875
4650 -91913.0887324465729762
4700 -91913.1335385341371875
4750 -91913.1725253487384180
4800 -91913.2045147751487093
4850 -91913.2359738453815226
4900 -91913.2664660026930505
4950 -91913.2972413841052912
5000 -91913.3280047081352677
5050 -91913.3574503238050966
5100 -91913.3868539768736809
5150 -91913.4165999515098520
5200 -91913.4425856335001299
5250 -91913.4685905601945706
5300 -91913.4940020517387893
5350 -91913.5187425331241684
5400 -91913.5350841755862348
5450 -91913.5517920604324900
5500 -91913.5701952657545917
5550 -91913.5898124764353270
5600 -91913.6112228487036191
5650 -91913.6345258151268354
5700 -91913.6599189260014100
5750 -91913.6871971644868609
5800 -91913.7163565767987166
5850 -91913.7464318229613127
5900 -91913.7749070921126986
5950 -91913.8017998081049882
6000 -91913.8347463170357514
6050 -91913.8948490309412591
6100 -91913.8997411182208452
6150 -91913.9079084983677603
6200 -91913.9189567071589408
6250 -91913.9323359146510484
6300 -91913.9473947826481890
6350 -91913.9640265443595126
6400 -91913.9820218744716840
6450 -91914.0006374289514497
6500 -91914.0205038843268994
6550 -91914.0418028639978729
6600 -91914.0646182115742704
6650 -91914.0886151219601743
6700 -91914.1134407735371497
6750 -91914.1295288088440429
6800 -91914.1416188860312104
6850 -91914.1548593955230899
6900 -91914.1696324602089589
6950 -91914.1853356211067876
7000 -91914.2012970996729564
7050 -91914.2170487203984521
7100 -91914.2309988473571138
7150 -91914.2435419250978157
7200 -91914.2557753308210522
7250 -91914.2690852776577231
7300 -91914.2840387831674889
7350 -91914.2995477583317552
7400 -91914.3153105503588449
7450 -91914.3312836781988153
7500 -91914.3468399167759344
7550 -91914.3636141559691168
7600 -91914.3808382532442920
7650 -91914.3972793671564432
7700 -91914.4148586047667777
7750 -91914.4330690856731962
7800 -91914.4499748886009911
7850 -91914.4616615554841701
7900 -91914.4695768433302874
7950 -91914.4775808876584051
8000 -91914.4869260078266962
8050 -91914.4977005759865278
8100 -91914.5096789669623831
8150 -91914.5208291255694348
8200 -91914.5322384049359243
8250 -91914.5442640890105395
8300 -91914.5570810946956044
8350 -91914.5704898875410436
8400 -91914.5847342521155952
8450 -91914.5972960680082906
8500 -91914.6081418387766462
8550 -91914.6180729884508764
8600 -91914.6285335280117579
8650 -91914.6399536495446227
8700 -91914.6523961133207195
8750 -91914.6655154246400343
8800 -91914.6792934943805449
8850 -91914.6940721622668207
8900 -91914.7096939966577338
8950 -91914.7251454558863770
9000 -91914.7403776420105714
9050 -91914.7553467090765480
9100 -91914.7686042378045386
9150 -91914.7798617965308949
9200 -91914.7914489142858656
9250 -91914.8033364179718774
9300 -91914.8158236227463931
9350 -91914.8285673865320859
9400 -91914.8420208138122689
9450 -91914.8506495503825136
9500 -91914.8572319064405747
9550 -91914.8640791804937180
9600 -91914.8715260325552663
9650 -91914.8794971161987633
9700 -91914.8879866774805123
9750 -91914.8965516454336466
9800 -91914.9058380871865666
9850 -91914.9154754052724456
9900 -91914.9250131046137540
9950 -91914.9342830833484186
10000 -91914.9435761931817979
10050 -91914.9511927821877180
10100 -91914.9546640924381791
10150 -91914.9577052998211002
10200 -91914.9603711580421077
10250 -91914.9633576614432968
10300 -91914.9671541002171580
10350 -91914.9717397646163590
10400 -91914.9770860344578978
10450 -91914.9826981574442470
10500 -91914.9881994528113864
10550 -91914.9942204699182184
10600 -91915.0005445773422252
10650 -91915.0063845855911495
10700 -91915.0127517659129808
10750 -91915.0199412242218386
10800 -91915.0279358625120949
10850 -91915.0358251327706967
10900 -91915.0438054269907298
10950 -91915.0509697382512968
11000 -91915.0574409217806533
11050 -91915.0646339040395105
11100 -91915.0724898702319479
11150 -91915.0810798749735113
11200 -91915.0902984232961899
11250 -91915.0985280612658244
11300 -91915.1069815278606256
11350 -91915.1146112582355272
11400 -91915.1190641191642499
11450 -91915.1238836319535039
11500 -91915.1289003953424981
11550 -91915.1342487194779096
11600 -91915.1400643699598731
11650 -91915.1457274989807047
11700 -91915.1503223251202144
11750 -91915.1548603362170979
11800 -91915.1589330017304746
11850 -91915.1635034984210506
11900 -91915.1670245064888149
11950 -91915.1705813959415536
12000 -91915.1735285941686016
12050 -91915.1764839697134448
12100 -91915.1789327522274107
12150 -91915.1813240186311305
12200 -91915.1843514343781862
12250 -91915.1878679706278490
12300 -91915.1920295180170797
12350 -91915.1967161190113984
12400 -91915.2014211061032256
12450 -91915.2066453387960792
12500 -91915.2125163343735039
12550 -91915.2190207893872866
12600 -91915.2261595486634178
12650 -91915.2339114101778250
12700 -91915.2421702017891221
12750 -91915.2506524733762490
12800 -91915.2589844783797162
12850 -91915.2609102589631220
12900 -91915.2616068139614072
12950 -91915.2629358660633443
13000 -91915.2648950782458996
13050 -91915.2674768150027376
13100 -91915.2706775168189779
13150 -91915.2744846577843418
13200 -91915.2788699600496329
13250 -91915.2836551133659668
13300 -91915.2889711083553266
13350 -91915.2948626563884318
13400 -91915.3013144686410669
13450 -91915.3083106744743418
13500 -91915.3158639882749412
13550 -91915.3230518099298934
13600 -91915.3234329535334837
13650 -91915.3243342057685368
13700 -91915.3258141191327013
13750 -91915.3278714904445224
13800 -91915.3304900173243368
13850 -91915.3334897492750315
13900 -91915.3369688972597942
13950 -91915.3409991248045117
14000 -91915.3455785772821400
14050 -91915.3507038824318442
14100 -91915.3563488431682345
14150 -91915.3625026579829864
14200 -91915.3682224270451115
14250 -91915.3737153759138891
14300 -91915.3794734338880517
14350 -91915.3853087087627500
14400 -91915.3901654607616365
14450 -91915.3950161881220993
14500 -91915.4003291521803476
14550 -91915.4060905431979336
14600 -91915.4122847992694005
14650 -91915.4188859419082291
14700 -91915.4254654035757994
14750 -91915.4260075108031742
14800 -91915.4266354034625692
14850 -91915.4277517273731064
14900 -91915.4293318901909515
14950 -91915.4313879623805406
15000 -91915.4339277034450788
15050 -91915.4369023427716456
15100 -91915.4402936740225414
15150 -91915.4438667521462776
15200 -91915.4476314857311081
15250 -91915.4489406869106460
15300 -91915.4495123086671811
15350 -91915.4505612433276838
15400 -91915.4520885114325210
15450 -91915.4540913286618888
15500 -91915.4565651269949740
15550 -91915.4595044773159316
15600 -91915.4628906119323801
15650 -91915.4666452917881543
15700 -91915.4707682085281704
15750 -91915.4752856691775378
15800 -91915.4801971310516819
15850 -91915.4855058044922771
15900 -91915.4911361403355841
15950 -91915.4969606052327435
16000 -91915.5027268002741039
16050 -91915.5082733539748006
16100 -91915.5138553263095673
16150 -91915.5194746860506712
16200 -91915.5250294457364362
16250 -91915.5305399634380592
16300 -91915.5359944480151171
16350 -91915.5413918334379559
16400 -91915.5466488948004553
16450 -91915.5519434415327851
16500 -91915.5571856552269310
16550 -91915.5622605861572083
16600 -91915.5674106919614132
16650 -91915.5724939544161316
16700 -91915.5731036998768104
16750 -91915.5735778880043654
16800 -91915.5744310727459379
16850 -91915.5756640378385782
16900 -91915.5772796137462137
16950 -91915.5792563150898786
17000 -91915.5815600777423242
17050 -91915.5841544038848951
17100 -91915.5870246483827941
17150 -91915.5901770002528792
17200 -91915.5936829232668970
17250 -91915.5971639960480388
17300 -91915.6008015918196179
17350 -91915.6047884004656225
17400 -91915.6089163504366297
17450 -91915.6130747118877480
17500 -91915.6171099658095045
17550 -91915.6206902601988986
17600 -91915.6240626296203118
17650 -91915.6275151559384540
17700 -91915.6311885942850495
17750 -91915.6347962270228891
17800 -91915.6381006451701978
17850 -91915.6408120325213531
17900 -91915.6433032822533278
17950 -91915.6451922646665480
18000 -91915.6461749012814835
18050 -91915.6468208995647728
18100 -91915.6473630064283498
18150 -91915.6478626560565317
18200 -91915.6484741282474715
18250 -91915.6493906970426906
18300 -91915.6506369900744176
18350 -91915.6520280600816477
18400 -91915.6534131873777369
18450 -91915.6548404063360067
18500 -91915.6563776054244954
18550 -91915.6579180397384334
18600 -91915.6596188169933157
18650 -91915.6614482967561344
18700 -91915.6635172249807511
18750 -91915.6659012927266303
18800 -91915.6685977288580034
18850 -91915.6716024194611236
18900 -91915.6748764496296644
18950 -91915.6778158798115328
19000 -91915.6799439768074080
19050 -91915.6814437313150847
19100 -91915.6828973355732160
19150 -91915.6845082296786131
19200 -91915.6861267179920105
19250 -91915.6878385210875422
19300 -91915.6896370852336986
19350 -91915.6915427026106045
19400 -91915.6935492919728858
19450 -91915.6953149604960345
19500 -91915.6970600338390796
19550 -91915.6989020923938369
19600 -91915.7009093768574530
19650 -91915.7029421500628814
19700 -91915.7050390980148222
19750 -91915.7070929289911874
19800 -91915.7091913012263831
19850 -91915.7114409594214521
19900 -91915.7138494493701728
19950 -91915.7162674868013710
20000 -91915.7188861944305245
20001 -91915.7188861944305245
