0 -143867.2653842294821516
10 -143876.9141175270779058
20 -143878.2316276763449423
30 -143880.6458707598212641
40 -143883.6998802355956286
50 -143887.2711228254775051
60 -143891.0079407819430344
70 -143894.6592127711046487
80 -143898.0238249379326589
90 -143900.9860266463365406
100 -143903.5100795993348584
110 -143905.6317746757995337
120 -143907.4319054066436365
130 -143909.0079854062059894
140 -143910.4520994859049097
150 -143911.8259118284040596
160 -143913.1576736213755794
170 -143914.4569096202030778
180 -143915.7252281502296682
190 -143916.9630328343482688
200 -143918.1695924714440480
210 -143919.3441841776075307
220 -143920.4844753078650683
230 -143921.5853299642039929
240 -143922.6420540794788394
250 -143923.6472851866565179
260 -143924.5773458683397621
270 -143925.4298706834670156
280 -143926.2152539450908080
290 -143926.9434798472793773
300 -143927.6199738656287082
310 -143928.2490287168766372
320 -143928.8355545224039815
330 -143929.3850687268422917
340 -143929.9031753727176692
350 -143930.3916823380859569
360 -143930.8480301496747416
370 -143931.2724287443270441
380 -143931.6661181038361974
390 -143932.0332524140831083
400 -143932.3793097318266518
410 -143932.7070174035034142
420 -143933.0174269163107965
430 -143933.3107489990361501
440 -143933.5892671153414994
450 -143933.8563026945630554
460 -143934.1135586673626676
470 -143934.3627604943176266
480 -143934.6019648402580060
490 -143934.8308711618010420
500 -143935.0520315065223258
510 -143935.2690959393803496
520 -143935.4839537926600315
530 -143935.6970128656248562
540 -143935.9078568961995188
550 -143936.1157363958191127
560 -143936.3189922577876132
570 -143936.5163720964628737
580 -143936.7064154291001614
590 -143936.8865547831519507
600 -143937.0564000355661847
610 -143937.2173604902054649
620 -143937.3706515851372387
630 -143937.5190484755148645
640 -143937.6644353548763320
650 -143937.8055302275752183
660 -143937.9439221434004139
670 -143938.0811398348014336
680 -143938.2175681023218203
690 -143938.3538648211979307
700 -143938.4907747028628364
710 -143938.6280910660279915
720 -143938.7649839552759659
730 -143938.9009025314881001
740 -143939.0350643531128298
750 -143939.1678193938278127
760 -143939.2999453796655871
770 -143939.4312011841684580
780 -143939.5621165079937782
790 -143939.6931746927148197
800 -143939.8247549995139707
810 -143939.9568304629356135
820 -143940.0881447091232985
830 -143940.2173753021634184
840 -143940.3434294371108990
850 -143940.4658571688923985
860 -143940.5844953336636536
870 -143940.6993974084616639
880 -143940.8110362038714811
890 -143940.9191001021245029
900 -143941.0221812760282774
910 -143941.1187107625592034
920 -143941.2092175025900360
930 -143941.2939147721335758
940 -143941.3739238247508183
950 -143941.4498865288915113
960 -143941.5213727485388517
970 -143941.5885247468540911
980 -143941.6515811283607036
990 -143941.7111501876788680
1000 -143943.5321243177459110
1010 -143943.9447941262915265
1020 -143943.9528497099527158
1030 -143943.9545754175342154
1040 -143943.9574383721337654
1050 -143943.9613943759468384
1060 -143943.9663849048083648
1070 -143943.9722625261056237
1080 -143943.9789181940723211
1090 -143943.9862058365833946
1100 -143943.9939936254813801
1110 -143944.0021574638376478
1120 -143944.0105846209044103
1130 -143944.0192108777700923
1140 -143944.0280065011756960
1150 -143944.0369404625962488
1160 -143944.0459944652102422
1170 -143944.0552038039604668
1180 -143944.0645484014821704
1190 -143944.0737873332691379
1200 -143944.0828471716376953
1210 -143944.0917077029007487
1220 -143944.1004681384656578
1230 -143944.1091110473207664
1240 -143944.1176018221885897
1250 -143944.1260529167193454
1260 -143944.1345853285747580
1270 -143944.1433157616993412
1280 -143944.1522636952577159
1290 -143944.1614211586711463
1300 -143944.1707107444817666
1310 -143944.1800170057686046
1320 -143944.1894342450250406
1330 -143944.1988393923093099
1340 -143944.2081850036338437
1350 -143944.2173346839554142
1360 -143944.2262086415721569
1370 -143944.2347922751214355
1380 -143944.2430876923317555
1390 -143944.2511704833304975
1400 -143944.2591588336508721
1410 -143944.2670863696548622
1420 -143944.2748721590323839
1430 -143944.2825277326337527
1440 -143944.2900251194369048
1450 -143944.2974213407433126
1460 -143944.3048005253367592
1470 -143944.3121499276312534
1480 -143944.3194689876690973
1490 -143944.3267794557323214
1500 -143944.3340476132871117
1510 -143944.3412923163559753
1520 -143944.3484053415304516
1530 -143944.3554728929593693
1540 -143944.3624285850091837
1550 -143944.3693622454302385
1560 -143944.3763430990511551
1570 -143944.3833032380789518
1580 -143944.3902586455224082
1590 -143944.3971240472455975
1600 -143944.4040121775469743
1610 -143944.4109045023215003
1620 -143944.4178163850447163
1630 -143944.4246954038098920
1640 -143944.4315852839499712
1650 -143944.4384072032116819
1660 -143944.4451193205895834
1670 -143944.4517995560890995
1680 -143944.4584871797414962
1690 -143944.4651812256488483
1700 -143944.4718690561421681
1710 -143944.4786132939334493
1720 -143944.4854132390464656
1730 -143944.4922651119122747
1740 -143944.4991316417290363
1750 -143944.5060490683536045
1760 -143944.5130027523264289
1770 -143944.5199682109814603
1780 -143944.5269258291809820
1790 -143944.5338468614791054
1800 -143944.5407256323960610
1810 -143944.5474878363602329
1820 -143944.5543004147766624
1830 -143944.5610863647016231
1840 -143944.5678770037193317
1850 -143944.5746479227382224
1860 -143944.5815150102134794
1870 -143944.5885533269611187
1880 -143944.5958265578956343
1890 -143944.6033351129735820
1900 -143944.6110964935214724
1910 -143944.6191113514651079
1920 -143944.6273857283522375
1930 -143944.6358902677602600
1940 -143944.6445849682204425
1950 -143944.6534507200994994
1960 -143944.6624989506672136
1970 -143944.6716881966567598
1980 -143944.6809909094590694
1990 -143944.6903910776018165
2000 -143944.6998753205989487
2010 -143944.7093280852132011
2020 -143944.7187889870838262
2030 -143944.7282365249993745
2040 -143944.7377138450974599
2050 -143944.7472913630481344
2060 -143944.7570266297261696
2070 -143944.7669327513722237
2080 -143944.7770131423603743
2090 -143944.7872336453292519
2100 -143944.7975397139671259
2110 -143944.8078714192670304
2120 -143944.8182403779064771
2130 -143944.8286028162401635
2140 -143944.8390522560803220
2150 -143944.8494790742115583
2160 -143944.8598165319999680
2170 -143944.8701125420047902
2180 -143944.8803549458680209
2190 -143944.8906533485278487
2200 -143944.9009901268000249
2210 -143944.9113975545333233
2220 -143944.9217971922480501
2230 -143944.9322065630694851
2240 -143944.9427224347018637
2250 -143944.9533315208973363
2260 -143944.9641393631172832
2270 -143944.9750914406613447
2280 -143944.9861352870357223
2290 -143944.9972247925761621
2300 -143945.0082447341701481
2310 -143945.0191419725597370
2320 -143945.0299441835086327
2330 -143945.0407173484272789
2340 -143945.0514229838445317
2350 -143945.0620938209467568
2360 -143945.0727151462051552
2370 -143945.0832111928611994
2380 -143945.0933657077839598
2390 -143945.1029391302436125
2400 -143945.1119009316898882
2410 -143945.1203381163650192
2420 -143945.1284499924804550
2430 -143945.1363012518850155
2440 -143945.1439705238444731
2450 -143945.1515158810652792
2460 -143945.1589493490755558
2470 -143945.1662559442629572
2480 -143945.1733795622421894
2490 -143945.1803365884115919
2500 -143945.1871946176106576
2510 -143945.1939327830914408
2520 -143945.2005173904472031
2530 -143945.2070263116620481
2540 -143945.2134621713776141
2550 -143945.2198163814900909
2560 -143945.2261263521213550
2570 -143945.2324755738954991
2580 -143945.2387928879179526
2590 -143945.2451941351755522
2600 -143945.2516233242640737
2610 -143945.2582029900513589
2620 -143945.2649677382141817
2630 -143945.2719369265541900
2640 -143945.2791272389295045
2650 -143945.2865368059137836
2660 -143945.2941404477460310
2670 -143945.3019187241443433
2680 -143945.3098554341995623
2690 -143945.3179424164118245
2700 -143945.3261827983660623
2710 -143945.3345700416248292
2720 -143945.3431205279193819
2730 -143945.3518852056004107
2740 -143945.3608385970583186
2750 -143945.3699655185337178
2760 -143945.3792161328019574
2770 -143945.3885559049376752
2780 -143945.3980033343832474
2790 -143945.4076626177120488
2800 -143945.4173207886051387
2810 -143945.4270490315684583
2820 -143945.4369161303620785
2830 -143945.4469069907208905
2840 -143945.4570008794253226
2850 -143945.4671483048878144
2860 -143945.4773114850977436
2870 -143945.4874843412544578
2880 -143945.4976895035651978
2890 -143945.5079410281614400
2900 -143945.5182614045916125
2910 -143945.5286690022912808
2920 -143945.5391380290093366
2930 -143945.5496179958863650
2940 -143945.5601286125311162
2950 -143945.5706217771512456
2960 -143945.5810883911908604
2970 -143945.5914958837383892
2980 -143945.6018808287626598
2990 -143945.6121668029809371
3000 -143945.6222134071576875
3010 -143945.6319556664675474
3020 -143945.6415652988362126
3030 -143945.6511539293278474
3040 -143945.6607740533363540
3050 -143945.6705007281270809
3060 -143945.6803852244629525
3070 -143945.6904011886799708
3080 -143945.7004189986619167
3090 -143945.7104512740042992
3100 -143945.7204253740201239
3110 -143945.7303999215655494
3120 -143945.7403371139953379
3130 -143945.7502539749548305
3140 -143945.7602102811506484
3150 -143945.7702618075418286
3160 -143945.7803712045424618
3170 -143945.7905904132639989
3180 -143945.8008811510226224
3190 -143945.8111918906506617
3200 -143945.8214514893770684
3210 -143945.8316321338643320
3220 -143945.8417764080513734
3230 -143945.8518656595551874
3240 -143945.8619529458810575
3250 -143945.8719532513350714
3260 -143945.8818513409059960
3270 -143945.8917365881789010
3280 -143945.9015763810602948
3290 -143945.9113692060054746
3300 -143945.9211041567905340
3310 -143945.9308088984980714
3320 -143945.9405537584971171
3330 -143945.9503995074192062
3340 -143945.9603684275061823
3350 -143945.9704493158787955
3360 -143945.9806523918814491
3370 -143945.9908092180266976
3380 -143946.0009024174942169
3390 -143946.0108972588786855
3400 -143946.0209026742086280
3410 -143946.0310064021905418
3420 -143946.0411857084254734
3430 -143946.0513984264980536
3440 -143946.0616345066810027
3450 -143946.0718317640712485
3460 -143946.0819889518315904
3470 -143946.0922132913256064
3480 -143946.1024962692754343
3490 -143946.1129266576608643
3500 -143946.1234461104613729
3510 -143946.1340274372778367
3520 -143946.1446133251301944
3530 -143946.1552119961415883
3540 -143946.1657949714572169
3550 -143946.1762897227890790
3560 -143946.1868076116370503
3570 -143946.1973191215074621
3580 -143946.2078525752294809
3590 -143946.2183488610899076
3600 -143946.2287467526621185
3610 -143946.2389116610575002
3620 -143946.2487062380241696
3630 -143946.2581058497016784
3640 -143946.2671146137290634
3650 -143946.2757535991840996
3660 -143946.2840366652235389
3670 -143946.2918030287255533
3680 -143946.2991954916506074
3690 -143946.3061973232834134
3700 -143946.3129290270735510
3710 -143946.3195588412054349
3720 -143946.3262506936443970
3730 -143946.3330891336954664
3740 -143946.3401480853499379
3750 -143946.3473707178782206
3760 -143946.3547914728987962
3770 -143946.3623645568732172
3780 -143946.3699557258805726
3790 -143946.3775652946496848
3800 -143946.3851582302304450
3810 -143946.3927966619958170
3820 -143946.4005637682857923
3830 -143946.4084861245355569
3840 -143946.4165546011936385
3850 -143946.4247194985509850
3860 -143946.4330068973649759
3870 -143946.4414083967276383
3880 -143946.4499274536210578
3890 -143946.4585525171423797
3900 -143946.4672777449304704
3910 -143946.4760913180944044
3920 -143946.4849514669040218
3930 -143946.4938567790959496
3940 -143946.5028252194169909
3950 -143946.5117815413977951
3960 -143946.5207241851021536
3970 -143946.5295965224504471
3980 -143946.5384598291420843
3990 -143946.5473695303080603
4000 -143946.5563123784086201
4010 -143946.5652987928478979
4020 -143946.5743257533176802
4030 -143946.5834840326861013
4040 -143946.5926888014946599
4050 -143946.6019543541769963
4060 -143946.6113423099450301
4070 -143946.6207817784743384
4080 -143946.6302881799929310
4090 -143946.6398860074114054
4100 -143946.6495770555629861
4110 -143946.6594241598504595
4120 -143946.6693519446998835
4130 -143946.6793352743843570
4140 -143946.6893109996453859
4150 -143946.6990939948009327
4160 -143946.7084926851675846
4170 -143946.7172460334841162
4180 -143946.7255233442992903
4190 -143946.7334722846280783
4200 -143946.7412484257365577
4210 -143946.7487824823183473
4220 -143946.7560919471434318
4230 -143946.7630856305768248
4240 -143946.7698561060824431
4250 -143946.7763027900946327
4260 -143946.7826052184973378
4270 -143946.7887967924179975
4280 -143946.7949504716380034
4290 -143946.8011872789065819
4300 -143946.8075355672044680
4310 -143946.8140350006287917
4320 -143946.8206904502585530
4330 -143946.8274050691106822
4340 -143946.8340247679734603
4350 -143946.8405385044461582
4360 -143946.8469364358170424
4370 -143946.8532667220279109
4380 -143946.8596541593724396
4390 -143946.8661946204374544
4400 -143946.8729385591286700
4410 -143946.8799334434443153
4420 -143946.8871213344682474
4430 -143946.8944986642454751
4440 -143946.9020098212058656
4450 -143946.9096717842912767
4460 -143946.9174537794606294
4470 -143946.9253770275390707
4480 -143946.9334607959899586
4490 -143946.9417477492825128
4500 -143946.9501887523219921
4510 -143946.9586991561809555
4520 -143946.9673071164870635
4530 -143946.9760621649911627
4540 -143946.9849997106357478
4550 -143946.9940672150987666
4560 -143947.0031169829017017
4570 -143947.0121855390898418
4580 -143947.0212583895190619
4590 -143947.0303271042066626
4600 -143947.0394418447394855
4610 -143947.0486299031181261
4620 -143947.0578984425228555
4630 -143947.0672646309831180
4640 -143947.0765901460836176
4650 -143947.0859641898423433
4660 -143947.0953268373268656
4670 -143947.1046985092689283
4680 -143947.1140242072578985
4690 -143947.1232134765014052
4700 -143947.1322871685260907
4710 -143947.1412791065522470
4720 -143947.1502353544055950
4730 -143947.1591977534699254
4740 -143947.1681687845557462
4750 -143947.1770917203975841
4760 -143947.1860130074492190
4770 -143947.1949227072473150
4780 -143947.2038158809591550
4790 -143947.2126813036738895
4800 -143947.2215596532914788
4810 -143947.2304576895840000
4820 -143947.2394400189805310
4830 -143947.2484520524740219
4840 -143947.2575069864396937
4850 -143947.2666312862420455
4860 -143947.2758437062730081
4870 -143947.2850810322270263
4880 -143947.2944012168445624
4890 -143947.3038217861903831
4900 -143947.3132716488617007
4910 -143947.3227856072771829
4920 -143947.3322693049267400
4930 -143947.3417453684669454
4940 -143947.3512124161352403
4950 -143947.3606749996833969
4960 -143947.3701711900357623
4970 -143947.3796367555623874
4980 -143947.3890092735236976
4990 -143947.3981061865051743
5000 -143947.4068030579655897
5010 -143947.4150399661739357
5020 -143947.4227495703962632
5030 -143947.4300206980842631
5040 -143947.4368204605416395
5050 -143947.4433459574356675
5060 -143947.4496357963362243
5070 -143947.4557526447460987
5080 -143947.4616819728107657
5090 -143947.4674431087041739
5100 -143947.4730388566385955
5110 -143947.4785974836559035
5120 -143947.4841363594168797
5130 -143947.4896853227401152
5140 -143947.4951719423697796
5150 -143947.5006627981201746
5160 -143947.5061507436039392
5170 -143947.5116466970648617
5180 -143947.5171170773974154
5190 -143947.5225597757380456
5200 -143947.5279389066272415
5210 -143947.5333071956702042
5220 -143947.5386092120315880
5230 -143947.5439033149741590
5240 -143947.5492857608478516
5250 -143947.5548587836674415
5260 -143947.5606827012670692
5270 -143947.5667949607886840
5280 -143947.5731189451762475
5290 -143947.5796703749801964
5300 -143947.5864326440787409
5310 -143947.5934209873958025
5320 -143947.6006033043377101
5330 -143947.6079845752683468
5340 -143947.6154477375675924
5350 -143947.6230342356138863
5360 -143947.6306659813562874
5370 -143947.6384110603830777
5380 -143947.6462950015556999
5390 -143947.6541064484626986
5400 -143947.6617512956727296
5410 -143947.6689623444981407
5420 -143947.6758526017947588
5430 -143947.6825227534864098
5440 -143947.6891865942452569
5450 -143947.6959597802197095
5460 -143947.7028259131766390
5470 -143947.7096607526182197
5480 -143947.7162915932713076
5490 -143947.7226641200832091
5500 -143947.7287773608113639
5510 -143947.7347042226174381
5520 -143947.7404848852602299
5530 -143947.7461496228934266
5540 -143947.7516951262950897
5550 -143947.7572335423028562
5560 -143947.7626919202157296
5570 -143947.7681733761855867
5580 -143947.7736217201454565
5590 -143947.7791703907714691
5600 -143947.7848694818676449
5610 -143947.7908366498595569
5620 -143947.7971043403376825
5630 -143947.8036556608858518
5640 -143947.8104202592512593
5650 -143947.8173910700134002
5660 -143947.8245321262511425
5670 -143947.8317602175811771
5680 -143947.8390140290430281
5690 -143947.8462494280829560
5700 -143947.8533761134895030
5710 -143947.8603085559443571
5720 -143947.8670162537018768
5730 -143947.8735385130567010
5740 -143947.8798743241932243
5750 -143947.8860805699659977
5760 -143947.8920730016543530
5770 -143947.8979599917074665
5780 -143947.9037007135921158
5790 -143947.9093443055171520
5800 -143947.9149390671518631
5810 -143947.9205121337436140
5820 -143947.9259896009752993
5830 -143947.9313816963112913
5840 -143947.9367714955878910
5850 -143947.9420993429084774
5860 -143947.9474059243220836
5870 -143947.9526712471852079
5880 -143947.9579049990570638
5890 -143947.9630983459064737
5900 -143947.9682638775848318
5910 -143947.9734541400976013
5920 -143947.9786258915846702
5930 -143947.9839045371627435
5940 -143947.9893182390078437
5950 -143947.9947810529847629
5960 -143948.0003135546867270
5970 -143948.0059016509330831
5980 -143948.0116438026889227
5990 -143948.0175575170142110
6000 -143948.0235596572456416
6010 -143948.0294514436100144
6020 -143948.0351650771917775
6030 -143948.0406709397793747
6040 -143948.0461759351310320
6050 -143948.0516703799075913
6060 -143948.0572987327759620
6070 -143948.0629753307730425
6080 -143948.0687545337423217
6090 -143948.0746783697686624
6100 -143948.0808005187718663
6110 -143948.0871079308562912
6120 -143948.0936140849371441
6130 -143948.1003000843047630
6140 -143948.1071224715269636
6150 -143948.1141418023908045
6160 -143948.1213322704425082
6170 -143948.1286556604609359
6180 -143948.1360679430072196
6190 -143948.1436113930540159
6200 -143948.1512893264880404
6210 -143948.1591480763454456
6220 -143948.1671728464425541
6230 -143948.1754128844768275
6240 -143948.1838798762764782
6250 -143948.1925780280143954
6260 -143948.2014941760862712
6270 -143948.2105145014647860
6280 -143948.2195940515957773
6290 -143948.2286102171347011
6300 -143948.2375308964983560
6310 -143948.2461936632171273
6320 -143948.2544909978751093
6330 -143948.2623333917872515
6340 -143948.2697939517092891
6350 -143948.2769664067309350
6360 -143948.2840798238757998
6370 -143948.2912097596854437
6380 -143948.2984248116263188
6390 -143948.3057456225214992
6400 -143948.3132088608690538
6410 -143948.3207900440320373
6420 -143948.3284700794029050
6430 -143948.3361913049884606
6440 -143948.3440217438619584
6450 -143948.3519667543296237
6460 -143948.3600546243251301
6470 -143948.3682487871265039
6480 -143948.3765863699372858
6490 -143948.3850533790828194
6500 -143948.3937546001398005
6510 -143948.4027465123799630
6520 -143948.4119944744743407
6530 -143948.4214348414097913
6540 -143948.4309311949764378
6550 -143948.4404840981878806
6560 -143948.4500847547315061
6570 -143948.4596980536298361
6580 -143948.4693207703530788
6590 -143948.4789692760678008
6600 -143948.4884903562196996
6610 -143948.4979703805583995
6620 -143948.5073190568364225
6630 -143948.5165487704216503
6640 -143948.5256479640665930
6650 -143948.5346870219218545
6660 -143948.5435293205082417
6670 -143948.5523334169702139
6680 -143948.5611008231353480
6690 -143948.5698667266406119
6700 -143948.5786614154349081
6710 -143948.5874739184218924
6720 -143948.5963301334413700
6730 -143948.6051760109548923
6740 -143948.6139844026474748
6750 -143948.6227981986303348
6760 -143948.6315949561831076
6770 -143948.6403766226139851
6780 -143948.6492180419736542
6790 -143948.6581270385067910
6800 -143948.6670753608050290
6810 -143948.6761244449880905
6820 -143948.6851726498280186
6830 -143948.6942367592419032
6840 -143948.7032337526907213
6850 -143948.7121625258878339
6860 -143948.7210554021294229
6870 -143948.7298806181061082
6880 -143948.7385767243686132
6890 -143948.7471574874653015
6900 -143948.7556695314706303
6910 -143948.7641190861177165
6920 -143948.7725569211761467
6930 -143948.7810316082905047
6940 -143948.7895836926472839
6950 -143948.7981288970331661
6960 -143948.8066882211714983
6970 -143948.8152778121875599
6980 -143948.8239450985274743
6990 -143948.8326510519837029
7000 -143948.8413281004468445
7010 -143948.8500226552132517
7020 -143948.8584837727248669
7030 -143948.8664754133496899
7040 -143948.8739627905888483
7050 -143948.8809222822892480
7060 -143948.8875450575142168
7070 -143948.8937841898878105
7080 -143948.8997474460920785
7090 -143948.9055229047371540
7100 -143948.9111779416853096
7110 -143948.9166996778221801
7120 -143948.9221227658272255
7130 -143948.9275463381200098
7140 -143948.9327956738416106
7150 -143948.9379695491224993
7160 -143948.9430993890273385
7170 -143948.9481815467006527
7180 -143948.9532565686095040
7190 -143948.9582804645760916
7200 -143948.9633009899407625
7210 -143948.9682942192594055
7220 -143948.9732613996893633
7230 -143948.9782251889992040
7240 -143948.9831979398149997
7250 -143948.9881667109439149
7260 -143948.9931577063689474
7270 -143948.9982343502924778
7280 -143949.0034938333265018
7290 -143949.0089827464544214
7300 -143949.0146738716284744
7310 -143949.0205951047828421
7320 -143949.0266950917430222
7330 -143949.0329930793668609
7340 -143949.0394783930387348
7350 -143949.0461567816091701
7360 -143949.0530047691718210
7370 -143949.0600208512914833
7380 -143949.0672411456471309
7390 -143949.0746320654288866
7400 -143949.0821656767220702
7410 -143949.0898171009903308
7420 -143949.0974755235656630
7430 -143949.1050111229124013
7440 -143949.1123097622767091
7450 -143949.1193765913776588
7460 -143949.1262462525919545
7470 -143949.1329686592216603
7480 -143949.1395692445221357
7490 -143949.1462148810678627
7500 -143949.1529198559001088
7510 -143949.1597360622545239
7520 -143949.1666543759056367
7530 -143949.1736767790862359
7540 -143949.1807891511998605
7550 -143949.1880057482921984
7560 -143949.1952746201131959
7570 -143949.2026277510449290
7580 -143949.2100489578151610
7590 -143949.2176442056952510
7600 -143949.2255055212008301
7610 -143949.2336099610547535
7620 -143949.2418702896102332
7630 -143949.2502110358327627
7640 -143949.2585951103828847
7650 -143949.2670734022103716
7660 -143949.2756482304539531
7670 -143949.2843139343895018
7680 -143949.2929924877826124
7690 -143949.3016375579463784
7700 -143949.3102636683906894
7710 -143949.3189592899288982
7720 -143949.3277688034577295
7730 -143949.3368226526363287
7740 -143949.3461746567918453
7750 -143949.3558452577854041
7760 -143949.3658212957670912
7770 -143949.3759954090346582
7780 -143949.3862122682912741
7790 -143949.3964488844794687
7800 -143949.4066826357448008
7810 -143949.4168162986752577
7820 -143949.4269693293608725
7830 -143949.4370847130776383
7840 -143949.4471335845591966
7850 -143949.4571106841322035
7860 -143949.4668911071494222
7870 -143949.4764669327123556
7880 -143949.4859257701027673
7890 -143949.4953391933813691
7900 -143949.5048139162245207
7910 -143949.5143711811979301
7920 -143949.5240144031995442
7930 -143949.5337223290116526
7940 -143949.5434259638132062
7950 -143949.5530939577729441
7960 -143949.5626307505299337
7970 -143949.5717805981112178
7980 -143949.5804607651953120
7990 -143949.5886192706529982
8000 -143949.5963599850656465
8010 -143949.6037529181339778
8020 -143949.6108522696886212
8030 -143949.6179050200153142
8040 -143949.6249976535327733
8050 -143949.6321778703131713
8060 -143949.6394618392514531
8070 -143949.6468041841580998
8080 -143949.6542441933415830
8090 -143949.6617520364234224
8100 -143949.6693405541009270
8110 -143949.6770223568892106
8120 -143949.6847798806848004
8130 -143949.6925874728185590
8140 -143949.7004271108889952
8150 -143949.7083023886953015
8160 -143949.7161675870302133
8170 -143949.7240240108803846
8180 -143949.7319162129715551
8190 -143949.7398192560940515
8200 -143949.7477431498991791
8210 -143949.7556998651416507
8220 -143949.7636701712908689
8230 -143949.7714962664176710
8240 -143949.7790026853035670
8250 -143949.7862806495395489
8260 -143949.7934646189387422
8270 -143949.8005602437187918
8280 -143949.8076797245885246
8290 -143949.8148376252793241
8300 -143949.8221002239442896
8310 -143949.8294652303156909
8320 -143949.8367992256535217
8330 -143949.8441271581687033
8340 -143949.8514497707074042
8350 -143949.8588445402565412
8360 -143949.8663485107244924
8370 -143949.8739998709352221
8380 -143949.8818210005993024
8390 -143949.8897968762321398
8400 -143949.8979205608775374
8410 -143949.9061523068230599
8420 -143949.9144986331812106
8430 -143949.9229007485846523
8440 -143949.9313951116055250
8450 -143949.9399534724070691
8460 -143949.9485854809463490
8470 -143949.9572681181307416
8480 -143949.9659860517713241
8490 -143949.9746880104939919
8500 -143949.9833527446025982
8510 -143949.9920616456365678
8520 -143950.0007231488707475
8530 -143950.0093696753610857
8540 -143950.0179919372312725
8550 -143950.0266301387455314
8560 -143950.0353506449901033
8570 -143950.0441177941102069
8580 -143950.0528971567691769
8590 -143950.0616347855539061
8600 -143950.0703911554010119
8610 -143950.0789774291624781
8620 -143950.0873913907562383
8630 -143950.0953499292372726
8640 -143950.1030023866042029
8650 -143950.1105221714533400
8660 -143950.1180135943577625
8670 -143950.1254046087851748
8680 -143950.1324636356148403
8690 -143950.1391416922560893
8700 -143950.1455032056255732
8710 -143950.1516070794605184
8720 -143950.1574901356943883
8730 -143950.1631657685793471
8740 -143950.1686923502420541
8750 -143950.1741077016049530
8760 -143950.1794451952446252
8770 -143950.1846658893045969
8780 -143950.1899096206179820
8790 -143950.1950946209544782
8800 -143950.2002788481768221
8810 -143950.2053829864889849
8820 -143950.2104901052080095
8830 -143950.2156696312013082
8840 -143950.2210278542770538
8850 -143950.2266427477297839
8860 -143950.2325334264314733
8870 -143950.2386471580248326
8880 -143950.2449807378870901
8890 -143950.2514524006401189
8900 -143950.2580451086105313
8910 -143950.2647661935479846
8920 -143950.2715784534520935
8930 -143950.2785048322111834
8940 -143950.2855289878498297
8950 -143950.2926001975429244
8960 -143950.2997308624617290
8970 -143950.3069921137066558
8980 -143950.3142920935642906
8990 -143950.3217151594872121
9000 -143950.3292345701192971
9010 -143950.3368479795171879
9020 -143950.3443164354830515
9030 -143950.3513647645013407
9040 -143950.3579262629500590
9050 -143950.3640953391441144
9060 -143950.3700067708850838
9070 -143950.3757652422063984
9080 -143950.3814234885794576
9090 -143950.3869224952650256
9100 -143950.3922933560679667
9110 -143950.3975224448658992
9120 -143950.4026622159290127
9130 -143950.4077318623021711
9140 -143950.4127661509555764
9150 -143950.4178028639580589
9160 -143950.4228394563833717
9170 -143950.4279188062355388
9180 -143950.4330993430048693
9190 -143950.4384197577019222
9200 -143950.4439168273820542
9210 -143950.4495761410216801
9220 -143950.4554223576851655
9230 -143950.4613620561140124
9240 -143950.4672926669009030
9250 -143950.4730032102088444
9260 -143950.4785016467794776
9270 -143950.4838462169573177
9280 -143950.4891352336562704
9290 -143950.4945714965579100
9300 -143950.5001539931399748
9310 -143950.5059566322015598
9320 -143950.5120186007989105
9330 -143950.5183362122625113
9340 -143950.5248421237338334
9350 -143950.5314490704913624
9360 -143950.5381634377117734
9370 -143950.5449560837005265
9380 -143950.5518426639609970
9390 -143950.5587949531618506
9400 -143950.5658294356544502
9410 -143950.5729061153542716
9420 -143950.5800612872990314
9430 -143950.5872484126302879
9440 -143950.5942922894901130
9450 -143950.6010612337558996
9460 -143950.6074726872611791
9470 -143950.6135458633943927
9480 -143950.6193035868345760
9490 -143950.6248311386443675
9500 -143950.6302043619798496
9510 -143950.6354715555207804
9520 -143950.6405679217132274
9530 -143950.6455402961000800
9540 -143950.6504120157042053
9550 -143950.6551870471448638
9560 -143950.6599067571514752
9570 -143950.6645640885108151
9580 -143950.6691619554476347
9590 -143950.6737114367133472
9600 -143950.6783016686094925
9610 -143950.6829857288685162
9620 -143950.6877577637205832
9630 -143950.6927702936809510
9640 -143950.6978826840932015
9650 -143950.7031449013738893
9660 -143950.7085400755458977
9670 -143950.7140405798272695
9680 -143950.7195301136234775
9690 -143950.7249696236394811
9700 -143950.7303462314011995
9710 -143950.7356609067355748
9720 -143950.7409611392649822
9730 -143950.7461883567739278
9740 -143950.7512924591719639
9750 -143950.7564104844350368
9760 -143950.7614808059006464
9770 -143950.7665515163098462
9780 -143950.7715555433824193
9790 -143950.7764282646821812
9800 -143950.7812313218601048
9810 -143950.7859586807026062
9820 -143950.7906722206098493
9830 -143950.7953531936509535
9840 -143950.7999804903229233
9850 -143950.8045897077536210
9860 -143950.8091076340060681
9870 -143950.8136450281017460
9880 -143950.8181421936606057
9890 -143950.8225940958654974
9900 -143950.8271107237669639
9910 -143950.8317007577570621
9920 -143950.8363677027518861
9930 -143950.8410708926676307
9940 -143950.8457419104815926
9950 -143950.8503545886778738
9960 -143950.8549797525047325
9970 -143950.8597053154953755
9980 -143950.8645985636103433
9990 -143950.8696773375268094
10000 -143950.8831934817717411
10010 -143950.9221980975125916
10020 -143950.9231941512553021
10030 -143950.9239966582099441
10040 -143950.9254404665844049
10050 -143950.9275116342760157
10060 -143950.9301848912436981
10070 -143950.9334228513471317
10080 -143950.9372076357249171
10090 -143950.9415160240896512
10100 -143950.9463256928720511
10110 -143950.9515807891439181
10120 -143950.9572799399320502
10130 -143950.9633874615246896
10140 -143950.9698621228453703
10150 -143950.9767118293966632
10160 -143950.9839369627588894
10170 -143950.9914979615714401
10180 -143950.9993622193287592
10190 -143951.0075257709540892
10200 -143951.0159321698884014
10210 -143951.0246238634863403
10220 -143951.0335967389401048
10230 -143951.0427275386464316
10240 -143951.0518909070524387
10250 -143951.0609977940039244
10260 -143951.0699300819542259
10270 -143951.0786452829488553
10280 -143951.0869880497339182
10290 -143951.0951059517683461
10300 -143951.1030559838400222
10310 -143951.1108352315495722
10320 -143951.1184671694354620
10330 -143951.1258459241362289
10340 -143951.1330099802289624
10350 -143951.1399294563452713
10360 -143951.1466521936235949
10370 -143951.1532200392393861
10380 -143951.1596354733337648
10390 -143951.1659567790047731
10400 -143951.1722529224352911
10410 -143951.1786005646281410
10420 -143951.1851215145143215
10430 -143951.1917631839460228
10440 -143951.1985419962438755
10450 -143951.2052471460774541
10460 -143951.2118115789780859
10470 -143951.2182665138097946
10480 -143951.2247053186292760
10490 -143951.2311256022658199
10500 -143951.2374959991138894
10510 -143951.2437268898647744
10520 -143951.2497993893921375
10530 -143951.2558069755032193
10540 -143951.2616717810451519
10550 -143951.2674330417066813
10560 -143951.2730794014642015
10570 -143951.2785654218459968
10580 -143951.2839174035179894
10590 -143951.2892639829078689
10600 -143951.2946672879916150
10610 -143951.3001559627591632
10620 -143951.3056976140942425
10630 -143951.3111626669706311
10640 -143951.3166496851481497
10650 -143951.3221457655599806
10660 -143951.3277501562552061
10670 -143951.3334875607979484
10680 -143951.3393896850175224
10690 -143951.3455195330025163
10700 -143951.3517799777328037
10710 -143951.3582028228556737
10720 -143951.3647827649547253
10730 -143951.3715319992043078
10740 -143951.3784506649244577
10750 -143951.3855935095343739
10760 -143951.3929924031835981
10770 -143951.4006197495618835
10780 -143951.4082722663006280
10790 -143951.4157803057460114
10800 -143951.4230590482766274
10810 -143951.4300347248208709
10820 -143951.4369159812340513
10830 -143951.4438031841127668
10840 -143951.4507635221234523
10850 -143951.4577940106100868
10860 -143951.4649073077307548
10870 -143951.4720631097443402
10880 -143951.4792828201898374
10890 -143951.4865552636038046
10900 -143951.4939471601974219
10910 -143951.5013785146875307
10920 -143951.5088106883922592
10930 -143951.5162541239988059
10940 -143951.5236433479003608
10950 -143951.5309900141146500
10960 -143951.5383686847344507
10970 -143951.5457438665034715
10980 -143951.5531252052751370
10990 -143951.5605720184976235
11000 -143951.5680308401642833
11010 -143951.5754956217133440
11020 -143951.5829834789037704
11030 -143951.5904365150199737
11040 -143951.5978268860490061
11050 -143951.6051564066438004
11060 -143951.6124385378498118
11070 -143951.6196786483051255
11080 -143951.6269136134360451
11090 -143951.6340626484889071
11100 -143951.6412166183581576
11110 -143951.6483925804786850
11120 -143951.6556864645681344
11130 -143951.6630684589035809
11140 -143951.6705167064210400
11150 -143951.6779265207587741
11160 -143951.6851762516889721
11170 -143951.6922861337370705
11180 -143951.6993344587390311
11190 -143951.7062954075809103
11200 -143951.7132369190512691
11210 -143951.7200620991934557
11220 -143951.7269247339281719
11230 -143951.7336996029771399
11240 -143951.7404481653647963
11250 -143951.7472176940354984
11260 -143951.7540241115784738
11270 -143951.7608393513364717
11280 -143951.7676707285572775
11290 -143951.7744931076013017
11300 -143951.7813263130083214
11310 -143951.7881849947734736
11320 -143951.7951075504824985
11330 -143951.8021272430778481
11340 -143951.8092424734495580
11350 -143951.8164261738711502
11360 -143951.8236781869200058
11370 -143951.8309566184179857
11380 -143951.8382358114467934
11390 -143951.8455287336255424
11400 -143951.8528119875700213
11410 -143951.8600519640895072
11420 -143951.8672366966202389
11430 -143951.8744052706169896
11440 -143951.8816179576679133
11450 -143951.8888031321112067
11460 -143951.8959365799382795
11470 -143951.9031244943616912
11480 -143951.9103349535434972
11490 -143951.9174985700519755
11500 -143951.9246099523152225
11510 -143951.9316139723232482
11520 -143951.9384481465385761
11530 -143951.9450217900157440
11540 -143951.9513038734148722
11550 -143951.9573346049874090
11560 -143951.9632478835410438
11570 -143951.9692010644939728
11580 -143951.9752514242427424
11590 -143951.9813822414434981
11600 -143951.9875904638611246
11610 -143951.9938893112994265
11620 -143952.0002345624961890
11630 -143952.0066182102600578
11640 -143952.0130540776299313
11650 -143952.0194824943318963
11660 -143952.0259648589126300
11670 -143952.0324399419478141
11680 -143952.0388539477717131
11690 -143952.0450213971489575
11700 -143952.0508162273326889
11710 -143952.0562419398338534
11720 -143952.0614149907196406
11730 -143952.0663619268161710
11740 -143952.0711822937009856
11750 -143952.0758096652862150
11760 -143952.0802964797767345
11770 -143952.0846453271224163
11780 -143952.0888542450556997
11790 -143952.0930197660927661
11800 -143952.0971142219495960
11810 -143952.1011938355513848
11820 -143952.1052178307436407
11830 -143952.1091892159602139
11840 -143952.1131664685090072
11850 -143952.1170805399888195
11860 -143952.1209746526437812
11870 -143952.1248186225420795
11880 -143952.1286934277450200
11890 -143952.1325981775298715
11900 -143952.1365994013322052
11910 -143952.1407064740487840
11920 -143952.1449021678999998
11930 -143952.1492485223279800
11940 -143952.1536821981135290
11950 -143952.1581777030951343
11960 -143952.1626502525177784
11970 -143952.1670463333139196
11980 -143952.1714469379803631
11990 -143952.1759162193920929
12000 -143952.1804666281677783
12010 -143952.1851373711251654
12020 -143952.1898986090964172
12030 -143952.1947212785889860
12040 -143952.1995855944114737
12050 -143952.2045772574783769
12060 -143952.2096625716076232
12070 -143952.2148565557436086
12080 -143952.2201103207480628
12090 -143952.2254479145340156
12100 -143952.2308678448607679
12110 -143952.2363341946329456
12120 -143952.2417257337947376
12130 -143952.2471478806110099
12140 -143952.2525530687998980
12150 -143952.2579504043387715
12160 -143952.2633477341150865
12170 -143952.2687434036633931
12180 -143952.2741433838673402
12190 -143952.2794784048164729
12200 -143952.2847229548206087
12210 -143952.2897935964865610
12220 -143952.2947505225893110
12230 -143952.2996680075302720
12240 -143952.3046701454732101
12250 -143952.3097752955800388
12260 -143952.3149412578786723
12270 -143952.3201823334093206
12280 -143952.3255334838468116
12290 -143952.3308813998301048
12300 -143952.3362412560964003
12310 -143952.3416008537751622
12320 -143952.3469241949205752
12330 -143952.3522448092699051
12340 -143952.3576176268397830
12350 -143952.3630087411438581
12360 -143952.3684441672812682
12370 -143952.3738824544125237
12380 -143952.3793705434072763
12390 -143952.3848732066981029
12400 -143952.3903084666526411
12410 -143952.3955948512593750
12420 -143952.4006669685186353
12430 -143952.4054883217322640
12440 -143952.4100819344457705
12450 -143952.4144731616543140
12460 -143952.4187256867880933
12470 -143952.4229611250630114
12480 -143952.4272086230048444
12490 -143952.4314463399932720
12500 -143952.4355533398629632
12510 -143952.4395660841837525
12520 -143952.4435413848550525
12530 -143952.4475903628917877
12540 -143952.4517614036449231
12550 -143952.4560260456346441
12560 -143952.4604425531870220
12570 -143952.4649619746778626
12580 -143952.4695527278818190
12590 -143952.4742546527995728
12600 -143952.4790714367991313
12610 -143952.4840086453186814
12620 -143952.4890485784271732
12630 -143952.4942096068989486
12640 -143952.4994079453754239
12650 -143952.5046633843448944
12660 -143952.5099133233015891
12670 -143952.5152024886047002
12680 -143952.5205154975410551
12690 -143952.5258326989423949
12700 -143952.5311099647951778
12710 -143952.5363830209535081
12720 -143952.5416409573517740
12730 -143952.5469070767867379
12740 -143952.5522179871913977
12750 -143952.5576000884757377
12760 -143952.5630597701238003
12770 -143952.5685952282510698
12780 -143952.5742229041643441
12790 -143952.5798970858741086
12800 -143952.5855606683180667
12810 -143952.5912689238321036
12820 -143952.5970781859068666
12830 -143952.6029804471472744
12840 -143952.6090263795340434
12850 -143952.6151890135370195
12860 -143952.6214352296083234
12870 -143952.6277059348649345
12880 -143952.6339173914748244
12890 -143952.6401732790982351
12900 -143952.6463665819901507
12910 -143952.6525010727345943
12920 -143952.6585478147026151
12930 -143952.6645840662822593
12940 -143952.6706573523697443
12950 -143952.6767657088057604
12960 -143952.6828657822334208
12970 -143952.6890040214057080
12980 -143952.6950346127559897
12990 -143952.7007476310245693
13000 -143952.7061008495220449
13010 -143952.7111257870565169
13020 -143952.7158782955666538
13030 -143952.7204244178428780
13040 -143952.7248153926921077
13050 -143952.7291527216730174
13060 -143952.7335047181986738
13070 -143952.7379045654961374
13080 -143952.7423570423561614
13090 -143952.7469024605525192
13100 -143952.7515474447573069
13110 -143952.7562876222946215
13120 -143952.7611312829249073
13130 -143952.7660363211471122
13140 -143952.7710117290553171
13150 -143952.7760248248523567
13160 -143952.7810651376203168
13170 -143952.7861359615344554
13180 -143952.7911875607969705
13190 -143952.7962438707181718
13200 -143952.8013364425860345
13210 -143952.8064898052834906
13220 -143952.8117113732732832
13230 -143952.8169612539932132
13240 -143952.8222707643290050
13250 -143952.8275939675804693
13260 -143952.8329288440581877
13270 -143952.8382781091204379
13280 -143952.8436469994776417
13290 -143952.8490487129602116
13300 -143952.8544429828471038
13310 -143952.8597883237525821
13320 -143952.8651079433911946
13330 -143952.8704075913992710
13340 -143952.8757404429488815
13350 -143952.8810384677781258
13360 -143952.8863439051783644
13370 -143952.8916345675243065
13380 -143952.8969596226233989
13390 -143952.9022939327114727
13400 -143952.9076347835361958
13410 -143952.9130219957150985
13420 -143952.9184728328837082
13430 -143952.9239647357026115
13440 -143952.9295711757731624
13450 -143952.9352569036127534
13460 -143952.9410106905561406
13470 -143952.9466814400802832
13480 -143952.9522494954289868
13490 -143952.9576271750847809
13500 -143952.9629642443323974
13510 -143952.9682999379292596
13520 -143952.9736021324933972
13530 -143952.9788385564752389
13540 -143952.9840300852665678
13550 -143952.9891640965070110
13560 -143952.9942866199999116
13570 -143952.9994296928052790
13580 -143953.0045900433615316
13590 -143953.0098028225183953
13600 -143953.0150419688143302
13610 -143953.0202626606333070
13620 -143953.0255443873465993
13630 -143953.0307234676729422
13640 -143953.0358806795848068
13650 -143953.0410004825971555
13660 -143953.0460960996279027
13670 -143953.0511671593412757
13680 -143953.0562238848651759
13690 -143953.0612268014519941
13700 -143953.0662160788779147
13710 -143953.0711953023273963
13720 -143953.0761217884137295
13730 -143953.0810568864981178
13740 -143953.0860383941326290
13750 -143953.0910061972099356
13760 -143953.0960063959064428
13770 -143953.1010365593538154
13780 -143953.1060925361816771
13790 -143953.1111945583834313
13800 -143953.1163165823963936
13810 -143953.1214610307069961
13820 -143953.1266084438539110
13830 -143953.1317575241264421
13840 -143953.1368320738838520
13850 -143953.1417916494538076
13860 -143953.1464655089366715
13870 -143953.1508836635039188
13880 -143953.1550141650368460
13890 -143953.1588822376797907
13900 -143953.1625467991980258
13910 -143953.1660149972594809
13920 -143953.1693595210672356
13930 -143953.1726353960111737
13940 -143953.1758161685429513
13950 -143953.1789327832229901
13960 -143953.1820115701120812
13970 -143953.1851199272205122
13980 -143953.1882963948592078
13990 -143953.1915758103132248
14000 -143953.2095812778861728
14010 -143953.2478562614123803
14020 -143953.2486524564155843
14030 -143953.2493955254321918
14040 -143953.2507184046262410
14050 -143953.2525901186745614
14060 -143953.2549779172695708
14070 -143953.2578532765037380
14080 -143953.2611709283955861
14090 -143953.2649014147464186
14100 -143953.2690117158635985
14110 -143953.2734727693896275
14120 -143953.2782536279119086
14130 -143953.2833833620825317
14140 -143953.2888167292694561
14150 -143953.2945558705832809
14160 -143953.3005820508114994
14170 -143953.3068749337398913
14180 -143953.3134315632050857
14190 -143953.3202220236707944
14200 -143953.3272665321128443
14210 -143953.3345278589695226
14220 -143953.3419933635741472
14230 -143953.3496176795742940
14240 -143953.3573610511375591
14250 -143953.3651844580890611
14260 -143953.3730630562058650
14270 -143953.3809796374698635
14280 -143953.3889166311128065
14290 -143953.3967831952613778
14300 -143953.4046221568714827
14310 -143953.4124170627328567
14320 -143953.4202316085284110
14330 -143953.4279953096411191
14340 -143953.4357504178187810
14350 -143953.4434707667387556
14360 -143953.4511809144751169
14370 -143953.4588925312273204
14380 -143953.4665948971523903
14390 -143953.4743026977812406
14400 -143953.4820335714030080
14410 -143953.4896663228282705
14420 -143953.4972122028120793
14430 -143953.5046008329954930
14440 -143953.5118565211887471
14450 -143953.5189326011459343
14460 -143953.5257049511710647
14470 -143953.5320542386907618
14480 -143953.5379874238569755
14490 -143953.5434973314695526
14500 -143953.5485711477813311
14510 -143953.5533041182497982
14520 -143953.5577546194544993
14530 -143953.5620174591022078
14540 -143953.5660645877360366
14550 -143953.5700378729961812
14560 -143953.5739579053770285
14570 -143953.5779025505471509
14580 -143953.5819249654014129
14590 -143953.5860004624410067
14600 -143953.5902019627683330
14610 -143953.5944810783839785
14620 -143953.5988834205782041
14630 -143953.6033928504039068
14640 -143953.6079706893651746
14650 -143953.6126449583098292
14660 -143953.6172820308129303
14670 -143953.6217730414937250
14680 -143953.6260052068973891
14690 -143953.6300303066382185
14700 -143953.6339510756370146
14710 -143953.6378692445578054
14720 -143953.6418578852317296
14730 -143953.6459313683153596
14740 -143953.6500964077713434
14750 -143953.6543469995376654
14760 -143953.6585050097783096
14770 -143953.6625234947423451
14780 -143953.6663343068794347
14790 -143953.6698998877254780
14800 -143953.6732833803107496
14810 -143953.6765259463281836
14820 -143953.6796646060538478
14830 -143953.6827294588729274
14840 -143953.6857338239206001
14850 -143953.6887066378840245
14860 -143953.6915998336044140
14870 -143953.6944435150071513
14880 -143953.6972260315669701
14890 -143953.7000126861094031
14900 -143953.7027773908339441
14910 -143953.7055127342173364
14920 -143953.7082173534436151
14930 -143953.7109189791372046
14940 -143953.7136088575061876
14950 -143953.7162689552933443
14960 -143953.7188989110291004
14970 -143953.7215065907803364
14980 -143953.7240967564575840
14990 -143953.7266640926245600
15000 -143953.7292522937641479
15010 -143953.7318126060126815
15020 -143953.7343517905392218
15030 -143953.7368527951184660
15040 -143953.7393570141866803
15050 -143953.7418832023686264
15060 -143953.7444597464927938
15070 -143953.7471308381063864
15080 -143953.7499097921827342
15090 -143953.7527879042609129
15100 -143953.7558023041638080
15110 -143953.7589309127943125
15120 -143953.7621909586887341
15130 -143953.7655415867629927
15140 -143953.7689967129845172
15150 -143953.7725597305397969
15160 -143953.7762453614559490
15170 -143953.7800742144754622
15180 -143953.7840395562234335
15190 -143953.7879535716492683
15200 -143953.7917775964888278
15210 -143953.7953755715861917
15220 -143953.7987769174214918
15230 -143953.8020271300920285
15240 -143953.8051231335848570
15250 -143953.8080625556467567
15260 -143953.8109160138992593
15270 -143953.8136514920042828
15280 -143953.8163621488492936
15290 -143953.8191379237105139
15300 -143953.8220182046643458
15310 -143953.8250555046251975
15320 -143953.8281439546844922
15330 -143953.8312186516704969
15340 -143953.8342299322248437
15350 -143953.8371082085359376
15360 -143953.8399146412557457
15370 -143953.8427199409343302
15380 -143953.8455209495441522
15390 -143953.8484087069809902
15400 -143953.8514068290824071
15410 -143953.8545403355965391
15420 -143953.8577553554496262
15430 -143953.8610776630230248
15440 -143953.8644549640594050
15450 -143953.8678734893619549
15460 -143953.8713698769570328
15470 -143953.8749113773519639
15480 -143953.8784609311842360
15490 -143953.8818919083569199
15500 -143953.8852137342328206
15510 -143953.8884513819939457
15520 -143953.8917067186266650
15530 -143953.8950271780486219
15540 -143953.8984519646328408
15550 -143953.9019402311532758
15560 -143953.9055115979863331
15570 -143953.9091126570419874
15580 -143953.9128160622494761
15590 -143953.9165466636768542
15600 -143953.9203130810637958
15610 -143953.9240982983610593
15620 -143953.9278894430608489
15630 -143953.9317064262286294
15640 -143953.9355346956290305
15650 -143953.9393989827076439
15660 -143953.9433011831715703
15670 -143953.9471988368604798
15680 -143953.9511300397280138
15690 -143953.9550957242900040
15700 -143953.9590612327447161
15710 -143953.9630053502041847
15720 -143953.9669343018031213
15730 -143953.9708920535049401
15740 -143953.9748217370361090
15750 -143953.9787346499215346
15760 -143953.9826446304214187
15770 -143953.9865589376713615
15780 -143953.9904711759299971
15790 -143953.9944198916200548
15800 -143953.9983775167202111
15810 -143954.0022578073549084
15820 -143954.0059056288155261
15830 -143954.0093019971391186
15840 -143954.0125288153067231
15850 -143954.0156690559815615
15860 -143954.0187822979060002
15870 -143954.0219508717418648
15880 -143954.0251218921330292
15890 -143954.0283813629066572
15900 -143954.0316838828730397
15910 -143954.0350395543791819
15920 -143954.0384123339317739
15930 -143954.0418129845347721
15940 -143954.0452112506027333
15950 -143954.0486456994549371
15960 -143954.0520932365616318
15970 -143954.0555805185867939
15980 -143954.0590371825092006
15990 -143954.0625930530368350
16000 -143954.0662040433380753
16010 -143954.0698170684045181
16020 -143954.0734788352274336
16030 -143954.0770551168534439
16040 -143954.0805358273210004
16050 -143954.0837670337932650
16060 -143954.0868416145385709
16070 -143954.0898188452119939
16080 -143954.0927911757316906
16090 -143954.0957745795021765
16100 -143954.0988131663470995
16110 -143954.1019239941670094
16120 -143954.1051008521462791
16130 -143954.1083519501844421
16140 -143954.1116285932657775
16150 -143954.1149908468069043
16160 -143954.1183750499913003
16170 -143954.1217821452300996
16180 -143954.1252543044101913
16190 -143954.1287165850226302
16200 -143954.1322332248673774
16210 -143954.1357764369458891
16220 -143954.1393361633818131
16230 -143954.1429013998422306
16240 -143954.1464489056961611
16250 -143954.1500135648821015
16260 -143954.1535462134925183
16270 -143954.1571199093305040
16280 -143954.1606899643666111
16290 -143954.1643065048847347
16300 -143954.1679229181900155
16310 -143954.1715205260261428
16320 -143954.1750946151441894
16330 -143954.1786847742332611
16340 -143954.1822660775796976
16350 -143954.1858457196794916
16360 -143954.1894317783298902
16370 -143954.1929928648751229
16380 -143954.1965333722473588
16390 -143954.2000527119962499
16400 -143954.2035316816763952
16410 -143954.2070172310050111
16420 -143954.2105008145736065
16430 -143954.2140011028968729
16440 -143954.2175558425660711
16450 -143954.2211475586518645
16460 -143954.2247591647319496
16470 -143954.2283871331310365
16480 -143954.2319846441387199
16490 -143954.2355067612079438
16500 -143954.2390053096751217
16510 -143954.2424674039357342
16520 -143954.2459428072033916
16530 -143954.2494088324019685
16540 -143954.2529569535399787
16550 -143954.2564810261246748
16560 -143954.2600363843084779
16570 -143954.2636090499290731
16580 -143954.2671635351143777
16590 -143954.2706989857542794
16600 -143954.2742314579372760
16610 -143954.2777412793657277
16620 -143954.2812645732192323
16630 -143954.2847443186328746
16640 -143954.2881344156339765
16650 -143954.2914345607568976
16660 -143954.2945812706020661
16670 -143954.2976619657711126
16680 -143954.3007403769879602
16690 -143954.3038078697281890
16700 -143954.3068838466715533
16710 -143954.3099463435937651
16720 -143954.3130584152240772
16730 -143954.3161272470024414
16740 -143954.3191869405854959
16750 -143954.3222461911209393
16760 -143954.3253263224614784
16770 -143954.3284118566953111
16780 -143954.3315427246270701
16790 -143954.3346977059263736
16800 -143954.3379058398713823
16810 -143954.3411079657962546
16820 -143954.3443368132866453
16830 -143954.3475577572244219
16840 -143954.3508002107264474
16850 -143954.3540230975486338
16860 -143954.3572702585952356
16870 -143954.3604946907435078
16880 -143954.3637224629055709
16890 -143954.3669489431777038
16900 -143954.3701556594169233
16910 -143954.3733641791623086
16920 -143954.3765396423696075
16930 -143954.3797058171476237
16940 -143954.3828732393158134
16950 -143954.3859993043879513
16960 -143954.3891284264391288
16970 -143954.3922630168672185
16980 -143954.3953893131692894
16990 -143954.3985036059166305
17000 -143954.4016522662423085
17010 -143954.4048070762364659
17020 -143954.4079669698257931
17030 -143954.4111269600689411
17040 -143954.4143180489481892
17050 -143954.4175488477922045
17060 -143954.4207660323299933
17070 -143954.4240384964505211
17080 -143954.4273000754183158
17090 -143954.4305891173426062
17100 -143954.4338644043309614
17110 -143954.4371152527455706
17120 -143954.4402964351465926
17130 -143954.4432504460273776
17140 -143954.4459707160422113
17150 -143954.4484581125434488
17160 -143954.4507500219915528
17170 -143954.4528951126267202
17180 -143954.4549395653884858
17190 -143954.4569231194036547
17200 -143954.4588188444613479
17210 -143954.4607159256702289
17220 -143954.4625939153775107
17230 -143954.4644586801005062
17240 -143954.4663533767161425
17250 -143954.4683164546149783
17260 -143954.4703789126360789
17270 -143954.4725110024446622
17280 -143954.4747433575103059
17290 -143954.4770470817165915
17300 -143954.4794686678797007
17310 -143954.4819344716379419
17320 -143954.4844301457924303
17330 -143954.4868998969614040
17340 -143954.4891912537859753
17350 -143954.4914629678532947
17360 -143954.4936325603048317
17370 -143954.4958299269783311
17380 -143954.4980747317895293
17390 -143954.5003819509292953
17400 -143954.5027620858454611
17410 -143954.5052090696699452
17420 -143954.5076886430906598
17430 -143954.5102012570714578
17440 -143954.5127318849554285
17450 -143954.5152967029425781
17460 -143954.5178603779640980
17470 -143954.5204908103623893
17480 -143954.5231378941389266
17490 -143954.5258165893901605
17500 -143954.5285411470977124
17510 -143954.5313003639748786
17520 -143954.5340904877230059
17530 -143954.5369236477126833
17540 -143954.5397369643033016
17550 -143954.5425509277265519
17560 -143954.5453588109812699
17570 -143954.5481066004140303
17580 -143954.5507984786527231
17590 -143954.5533737940713763
17600 -143954.5558952292776667
17610 -143954.5583350404340308
17620 -143954.5608284607005771
17630 -143954.5633523497672286
17640 -143954.5659373665403109
17650 -143954.5685731454577763
17660 -143954.5712446813413408
17670 -143954.5740130209887866
17680 -143954.5767799689783715
17690 -143954.5795519636885729
17700 -143954.5822429603722412
17710 -143954.5848339811491314
17720 -143954.5872710862895474
17730 -143954.5895249479217455
17740 -143954.5916761931730434
17750 -143954.5937665764940903
17760 -143954.5958074897935148
17770 -143954.5978171202586964
17780 -143954.5998405497521162
17790 -143954.6018852734414395
17800 -143954.6039183744869661
17810 -143954.6059016636572778
17820 -143954.6078304490656592
17830 -143954.6097076735168230
17840 -143954.6115055384871084
17850 -143954.6132698315486778
17860 -143954.6149804385495372
17870 -143954.6166680126625579
17880 -143954.6182670821435750
17890 -143954.6198813107330352
17900 -143954.6214486209501047
17910 -143954.6230107378796674
17920 -143954.6245759052690119
17930 -143954.6260843288619071
17940 -143954.6276268139481544
17950 -143954.6291690451907925
17960 -143954.6307040218380280
17970 -143954.6322186455945484
17980 -143954.6337335293646902
17990 -143954.6352313788374886
18000 -143954.6366866454482079
18010 -143954.6381194411951583
18020 -143954.6395630481129047
18030 -143954.6410000715113711
18040 -143954.6424635937728453
18050 -143954.6439446434087586
18060 -143954.6454397736815736
18070 -143954.6469829788547941
18080 -143954.6485718766925856
18090 -143954.6502334145188797
18100 -143954.6519772622850724
18110 -143954.6538212377927266
18120 -143954.6557289918418974
18130 -143954.6576819583424367
18140 -143954.6595753411529586
18150 -143954.6614858008979354
18160 -143954.6633909571100958
18170 -143954.6653004645486362
18180 -143954.6672826406720560
18190 -143954.6693267765222117
18200 -143954.6714115287759341
18210 -143954.6735581395914778
18220 -143954.6757643718447071
18230 -143954.6780177264299709
18240 -143954.6803439820942003
18250 -143954.6827337869617622
18260 -143954.6851498013129458
18270 -143954.6876537225325592
18280 -143954.6901944426354021
18290 -143954.6927794270159211
18300 -143954.6954047376639210
18310 -143954.6980287984770257
18320 -143954.7007081345655024
18330 -143954.7033737063757144
18340 -143954.7060778414015658
18350 -143954.7087855029385537
18360 -143954.7115140688547399
18370 -143954.7142542651563417
18380 -143954.7170123227115255
18390 -143954.7197694258065894
18400 -143954.7224980947212316
18410 -143954.7252461660245899
18420 -143954.7279898349370342
18430 -143954.7307224331307225
18440 -143954.7334786684950814
18450 -143954.7362412777147256
18460 -143954.7389999161532614
18470 -143954.7417601950874086
18480 -143954.7445248561271001
18490 -143954.7472588516538963
18500 -143954.7499785067338962
18510 -143954.7526779004838318
18520 -143954.7553637103410438
18530 -143954.7580617751809768
18540 -143954.7607619366026483
18550 -143954.7634831398900133
18560 -143954.7661373598966748
18570 -143954.7687874056573492
18580 -143954.7713604609307367
18590 -143954.7738024740538094
18600 -143954.7761415014974773
18610 -143954.7783282736781985
18620 -143954.7803913180541713
18630 -143954.7823738074221183
18640 -143954.7843173732981086
18650 -143954.7862820109003223
18660 -143954.7882796975318342
18670 -143954.7903409338905476
18680 -143954.7924585785076488
18690 -143954.7946147626789752
18700 -143954.7967927689023782
18710 -143954.7990235993347596
18720 -143954.8012757535616402
18730 -143954.8035433436743915
18740 -143954.8058378870191518
18750 -143954.8081343164376449
18760 -143954.8104717282694764
18770 -143954.8128119689645246
18780 -143954.8151785824447870
18790 -143954.8175827364902943
18800 -143954.8200183733133599
18810 -143954.8224880382476840
18820 -143954.8249914118496235
18830 -143954.8274992496590130
18840 -143954.8300169324211311
18850 -143954.8325171320757363
18860 -143954.8350172365608159
18870 -143954.8374832814151887
18880 -143954.8399694303516299
18890 -143954.8424420543888118
18900 -143954.8448937620269135
18910 -143954.8473543883592356
18920 -143954.8498483098810539
18930 -143954.8523425522434991
18940 -143954.8548394647950772
18950 -143954.8573190130991861
18960 -143954.8597157325712033
18970 -143954.8620550547493622
18980 -143954.8644333114207257
18990 -143954.8667203632357996
19000 -143954.8688788230356295
19010 -143954.8709640397864860
19020 -143954.8728985901398119
19030 -143954.8747031253296882
19040 -143954.8764629675133619
19050 -143954.8781261309923138
19060 -143954.8797728776698932
19070 -143954.8814250060531776
19080 -143954.8830534461303614
19090 -143954.8846736131526995
19100 -143954.8862082135165110
19110 -143954.8877174885419663
19120 -143954.8892174031934701
19130 -143954.8907436187146232
19140 -143954.8922988181002438
19150 -143954.8939011734910309
19160 -143954.8955504134646617
19170 -143954.8972515830828343
19180 -143954.8988971649960149
19190 -143954.9005206208967138
19200 -143954.9020693347265478
19210 -143954.9035609465208836
19220 -143954.9049969819025137
19230 -143954.9064142812276259
19240 -143954.9078280909452587
19250 -143954.9092643016483635
19260 -143954.9107681566092651
19270 -143954.9123492587823421
19280 -143954.9140113774919882
19290 -143954.9157332571921870
19300 -143954.9175182855105959
19310 -143954.9194082563335542
19320 -143954.9213399494765326
19330 -143954.9233254248101730
19340 -143954.9253194075135980
19350 -143954.9273785311379470
19360 -143954.9294667240174022
19370 -143954.9315582403796725
19380 -143954.9336604134878144
19390 -143954.9358131860208232
19400 -143954.9379410290566739
19410 -143954.9400925071968231
19420 -143954.9422244469460566
19430 -143954.9443846125795972
19440 -143954.9465747144713532
19450 -143954.9487728701788001
19460 -143954.9510133115982171
19470 -143954.9532567826099694
19480 -143954.9555531875521410
19490 -143954.9579010988236405
19500 -143954.9602646045386791
19510 -143954.9626514151459560
19520 -143954.9650282666261774
19530 -143954.9674135393579490
19540 -143954.9697980705241207
19550 -143954.9721778517996427
19560 -143954.9745785943814553
19570 -143954.9769773192238063
19580 -143954.9793714853294659
19590 -143954.9817828582308721
19600 -143954.9842081185488496
19610 -143954.9866057981271297
19620 -143954.9889949237986002
19630 -143954.9913723026402295
19640 -143954.9937069316511042
19650 -143954.9960233909951057
19660 -143954.9983533814374823
19670 -143955.0006603897199966
19680 -143955.0029867556586396
19690 -143955.0053301064763218
19700 -143955.0076876133971382
19710 -143955.0100824440305587
19720 -143955.0125202177732717
19730 -143955.0149475040670950
19740 -143955.0173669110808987
19750 -143955.0197241235873662
19760 -143955.0221117467153817
19770 -143955.0244640371529385
19780 -143955.0268322236079257
19790 -143955.0291663087846246
19800 -143955.0315116373240016
19810 -143955.0338770266680513
19820 -143955.0362410616653506
19830 -143955.0386133808351588
19840 -143955.0409670482040383
19850 -143955.0433435250306502
19860 -143955.0457192294124980
19870 -143955.0480845345300622
19880 -143955.0502604472858366
19890 -143955.0523330860014539
19900 -143955.0542199617193546
19910 -143955.0559201772848610
19920 -143955.0575354140019044
19930 -143955.0590519797406159
19940 -143955.0605302351759747
19950 -143955.0619486968207639
19960 -143955.0633331210701726
19970 -143955.0647058158647269
19980 -143955.0660607173340395
19990 -143955.0674050814413931
20000 -143955.0687269574555103
20001 -143955.0687269574555103
