200 -143918.20166843 -151273.45436134 7730.68337727 201.36520028 -576.79588464 0.2534 3.6039
400 -143932.25914511 -151286.67490761 7730.46014362 201.83921808 -577.88359920 0.2457 3.6034
600 -143937.68940338 -151291.26883995 7730.22966423 202.06747151 -578.71769917 0.2414 3.6026
800 -143940.56912740 -151293.41945260 7730.04072223 202.29793958 -579.48833661 0.2389 3.6011
1000 -143943.52878487 -151296.71869466 7729.92438517 197.19251964 -573.92699502 0.2350 3.6070
1200 -143944.07704269 -151297.19484928 7729.94829093 201.56874923 -578.39923357 0.2344 3.5983
1400 -143944.30053273 -151297.18536952 7729.92657159 202.02490033 -579.06663513 0.2325 3.6000
1600 -143944.55093153 -151297.17695683 7729.90207385 202.16130951 -579.43735806 0.2301 3.5996
1800 -143944.79438231 -151297.15716539 7729.87425483 202.29541244 -579.80688419 0.2275 3.5999
2000 -143945.00467691 -151297.13377053 7729.84857643 202.41363998 -580.13312278 0.2252 3.6002
2200 -143945.15061590 -151297.11425918 7729.82983488 202.50072100 -580.36691260 0.2236 3.6005
2400 -143945.29052603 -151297.09327371 7729.81115295 202.58538302 -580.59378829 0.2220 3.6006
2600 -143945.45006672 -151297.06941823 7729.79112059 202.68119718 -580.85296626 0.2201 3.6007
2800 -143945.64896679 -151297.03579905 7729.76483614 202.80370429 -581.18170817 0.2178 3.5992
3000 -143945.80158789 -151297.00950037 7729.74537252 202.89908663 -581.43654667 0.2160 3.6015
3200 -143945.91876040 -151296.98793415 7729.73009256 202.97286993 -581.63378874 0.2146 3.6009
3400 -143946.03527222 -151296.96557671 7729.71466476 203.04828401 -581.83264428 0.2132 3.6017
3600 -143946.18136869 -151296.93704507 7729.69573265 203.14231409 -582.08237037 0.2114 3.6020
3800 -143946.33570437 -151296.90568789 7729.67544223 203.24103156 -582.34649027 0.2096 3.6024
4000 -143946.51612023 -151296.86787941 7729.65206221 203.36156067 -582.66186371 0.2073 3.6027
4200 -143946.69479351 -151296.82882665 7729.62855025 203.48098641 -582.97550353 0.2051 3.6029
4400 -143946.87232481 -151296.78938805 7729.60575553 203.59724399 -583.28593628 0.2030 3.6035
4600 -143947.05787633 -151296.74720369 7729.58208953 203.72375092 -583.61651308 0.2007 3.6038
4800 -143947.22488226 -151296.70751716 7729.56050604 203.83980188 -583.91767301 0.1986 3.6044
5000 -143947.40991240 -151296.66132638 7729.53573629 203.96605346 -584.25037578 0.1963 3.6049
5200 -143947.60348429 -151296.61190631 7729.51001193 204.10204509 -584.60363500 0.1939 3.6054
5400 -143947.75130680 -151296.57389857 7729.49084981 204.20440010 -584.87265814 0.1920 3.6058
5600 -143947.87900397 -151296.53878116 7729.47316032 204.29580416 -585.10918729 0.1904 3.6063
5800 -143948.04078670 -151296.49296111 7729.45038123 204.41101278 -585.40921960 0.1884 3.6068
6000 -143948.22181800 -151296.44208026 7729.42605616 204.54112810 -585.74692201 0.1862 3.6074
6200 -143948.38602554 -151296.39246503 7729.40209658 204.65860936 -586.05426645 0.1841 3.6080
6400 -143948.54956351 -151296.34210715 7729.37852112 204.78097866 -586.36695614 0.1821 3.6085
6600 -143948.72092172 -151296.28715467 7729.35278384 204.90334698 -586.68989786 0.1800 3.6092
6800 -143948.89891301 -151296.22895947 7729.32628235 205.03738488 -587.03362076 0.1777 3.6100
7000 -143949.06300201 -151296.17213791 7729.30017907 205.15945671 -587.35049988 0.1757 3.6106
7200 -143949.20842342 -151296.12143434 7729.27742702 205.26884630 -587.63326240 0.1739 3.6112
7400 -143949.32195551 -151296.08002726 7729.25883667 205.35398980 -587.85475471 0.1725 3.6116
7600 -143949.47833907 -151296.02137536 7729.23250771 205.47434828 -588.16381970 0.1706 3.6124
7800 -143949.63233081 -151295.96225133 7729.20638522 205.59091866 -588.46738336 0.1687 3.6131
8000 -143949.75738885 -151295.91201800 7729.18392990 205.68899652 -588.71829728 0.1671 3.6136
8200 -143949.86478144 -151295.86774339 7729.16423492 205.77211815 -588.93339113 0.1658 3.6141
8400 -143949.98695048 -151295.81701912 7729.14183543 205.86668269 -589.17844948 0.1643 3.6147
8600 -143950.13298090 -151295.75444637 7729.11451099 205.98120435 -589.47424987 0.1625 3.6155
8800 -143950.27763778 -151295.69090824 7729.08671219 206.09483480 -589.76827653 0.1607 3.6160
9000 -143950.44928193 -151295.61180849 7729.05177639 206.23318369 -590.12243351 0.1586 3.6171
9200 -143950.61414382 -151295.53329322 7729.01704825 206.36445303 -590.46235189 0.1566 3.6179
9400 -143950.74305027 -151295.47147219 7728.99013236 206.46908392 -590.73079437 0.1551 3.6187
9600 -143950.85547999 -151295.41453637 7728.96475759 206.55840480 -590.96410601 0.1537 3.6193
9800 -143950.95379503 -151295.36606627 7728.94379813 206.63923680 -591.17076370 0.1525 3.6199
10000 -143951.07906978 -151295.14223496 7728.91891833 208.10593333 -592.96168647 0.1519 3.6169
10200 -143951.21097576 -151295.14005829 7728.88912783 207.04495364 -592.00499894 0.1509 3.6201
10400 -143951.36268948 -151295.10914973 7728.85762135 207.02538860 -592.13654971 0.1493 3.6214
10600 -143951.51673864 -151295.04765678 7728.81741897 207.13061278 -592.41711362 0.1475 3.6221
10800 -143951.67578211 -151294.96893106 7728.77402951 207.25250092 -592.73338149 0.1456 3.6230
11000 -143951.83169723 -151294.88008913 7728.72869335 207.37795064 -593.05825210 0.1436 3.6240
11200 -143951.96312313 -151294.80083840 7728.69033762 207.48929962 -593.34192197 0.1419 3.6247
11400 -143952.04580035 -151294.74896982 7728.66563111 207.55736677 -593.51982841 0.1409 3.6254
11600 -143952.13069857 -151294.69433895 7728.64005897 207.62780913 -593.70422772 0.1398 3.6260
11800 -143952.21191553 -151294.63954234 7728.61429401 207.69853068 -593.88519787 0.1388 3.6264
12000 -143952.31456200 -151294.56971343 7728.58179570 207.79140472 -594.11804899 0.1375 3.6272
12200 -143952.41165501 -151294.50332279 7728.55137840 207.87429754 -594.33400817 0.1362 3.6280
12400 -143952.52318724 -151294.42497088 7728.51533185 207.97364572 -594.58719394 0.1348 3.6287
12600 -143952.64065796 -151294.34157352 7728.47711592 208.07841589 -594.85461624 0.1334 3.6296
12800 -143952.76214299 -151294.25358724 7728.43649676 208.18592455 -595.13097707 0.1319 3.6304
13000 -143952.87741683 -151294.16999742 7728.39790989 208.29038828 -595.39571757 0.1305 3.6313
13200 -143952.98840307 -151294.08839391 7728.35985879 208.39038709 -595.65025504 0.1292 3.6320
13400 -143953.09566144 -151294.00970762 7728.32310753 208.48869178 -595.89775313 0.1279 3.6318
13600 -143953.19844489 -151293.93401670 7728.28752102 208.57898584 -596.13093505 0.1267 3.6335
13800 -143953.30293937 -151293.85559087 7728.25001579 208.67342869 -596.37079298 0.1255 3.6342
14000 -143953.41886431 -151293.61785796 7728.21616939 210.15655104 -598.17372678 0.1250 3.6311
14200 -143953.54043465 -151293.60703529 7728.18047156 209.04844218 -597.16231310 0.1241 3.6344
14400 -143953.68335061 -151293.54333999 7728.12864380 209.06004726 -597.32870169 0.1226 3.6354
14600 -143953.80792732 -151293.45377949 7728.07469923 209.16549733 -597.59434440 0.1210 3.6364
14800 -143953.89600225 -151293.38073690 7728.03510801 209.23974669 -597.79012005 0.1199 3.6370
15000 -143953.98306863 -151293.30407407 7727.99511941 209.32227936 -597.99639332 0.1188 3.6376
15200 -143954.05285257 -151293.24082959 7727.96263877 209.38607929 -598.16074105 0.1179 3.6381
15400 -143954.10725989 -151293.19128549 7727.93745474 209.44062698 -598.29405613 0.1172 3.6384
15600 -143954.17437836 -151293.13057054 7727.90667925 209.50246879 -598.45295587 0.1163 3.6385
15800 -143954.25091380 -151293.06246169 7727.87234260 209.57614343 -598.63693814 0.1154 3.6394
16000 -143954.32071544 -151293.00072039 7727.84103289 209.64123050 -598.80225843 0.1145 3.6398
16200 -143954.38348806 -151292.94641571 7727.81338964 209.70077821 -598.95124020 0.1138 3.6400
16400 -143954.44122240 -151292.89772451 7727.78871869 209.75571160 -599.08792818 0.1131 3.6403
16600 -143954.50435695 -151292.84410051 7727.76097329 209.81326723 -599.23449697 0.1124 3.6406
16800 -143954.55802291 -151292.79979941 7727.73805296 209.86552514 -599.36180161 0.1118 3.6409
17000 -143954.60272866 -151292.76273409 7727.71885316 209.90620974 -599.46505746 0.1114 3.6411
17200 -143954.66179557 -151292.71445783 7727.69365046 209.95945367 -599.60044187 0.1107 3.6413
17400 -143954.72158132 -151292.66601706 7727.66808991 210.01728974 -599.74094391 0.1101 3.6415
17600 -143954.77702086 -151292.62249507 7727.64537560 210.06503845 -599.86493984 0.1095 3.6417
17800 -143954.82119745 -151292.58728081 7727.62655224 210.10561122 -599.96608010 0.1091 3.6417
18000 -143954.84965923 -151292.56447218 7727.61434095 210.13076942 -600.03029743 0.1088 3.6419
18200 -143954.87773308 -151292.54224803 7727.60251495 210.15770158 -600.09570159 0.1085 3.6420
18400 -143954.90466793 -151292.52087333 7727.59114262 210.18375434 -600.15869157 0.1082 3.6420
18600 -143954.93228424 -151292.49925393 7727.57950898 210.20730087 -600.21984015 0.1079 3.6421
18800 -143954.96381787 -151292.47402238 7727.56588686 210.23682793 -600.29251027 0.1076 3.6422
19000 -143955.00790677 -151292.43924999 7727.54716316 210.27804883 -600.39386877 0.1072 3.6422
19200 -143955.05369181 -151292.40241614 7727.52715440 210.31937557 -600.49780564 0.1067 3.6423
19400 -143955.09802189 -151292.36851704 7727.50906618 210.35929810 -600.59786913 0.1063 3.6425
19600 -143955.13284350 -151292.34087836 7727.49393677 210.38866563 -600.67456753 0.1059 3.6425
19800 -143955.17191369 -151292.31001498 7727.47716823 210.42615573 -600.76522267 0.1055 3.6425
20000 -143955.21241837 -151292.27826289 7727.45991934 210.46137291 -600.85544773 0.1051 3.6426
