0 -214566.77532137 -225902.49376531 11668.97329432 23.09140385 -356.34625424 0.1920 0.0000
50 -216967.46212184 -228210.07419156 11668.92300056 50.13361207 -476.44454291 0.2856 3.9233
100 -216989.65210377 -228211.27865354 11668.90059771 61.96202520 -509.23607315 0.2841 3.8747
150 -217028.02658880 -228213.05423627 11668.78918426 89.68561628 -573.44715307 0.2811 3.7957
200 -217076.96827190 -228214.80186623 11668.31347700 150.53245974 -681.01234240 0.2753 3.7003
250 -217113.47142179 -228215.30464596 11665.98764492 273.88600189 -838.04042265 0.2592 3.6146
300 -217123.52024147 -228220.70192671 11665.23259782 298.07254307 -866.12345565 0.2409 3.6080
350 -217129.67543390 -228226.43818965 11665.18651195 297.91987318 -866.34362937 0.2382 3.6110
400 -217134.74721139 -228231.26626638 11665.13634008 298.06301041 -866.68029550 0.2366 3.6112
450 -217139.02936544 -228235.29435614 11665.06804934 298.17359909 -866.97665773 0.2351 3.6116
500 -217142.72054858 -228238.68954791 11664.97066127 298.28862204 -867.29028398 0.2335 3.6119
550 -217145.96331498 -228241.58144207 11664.83162310 298.41472607 -867.62822208 0.2318 3.6123
600 -217148.85360850 -228244.05841825 11664.64052025 298.55183213 -867.98754264 0.2301 3.6127
650 -217151.44941021 -228246.17943839 11664.39322236 298.69794163 -868.36113581 0.2284 3.6132
700 -217153.78154277 -228247.98838004 11664.09600780 298.84841720 -868.73758773 0.2268 3.6137
750 -217155.86714989 -228249.52727336 11663.76653601 298.99638896 -869.10280150 0.2252 3.6142
800 -217157.72217838 -228250.84366866 11663.43017538 299.13463113 -869.44331622 0.2239 3.6147
850 -217159.36844988 -228251.98965627 11663.11311728 299.25737371 -869.74928461 0.2227 3.6151
900 -217160.83407069 -228253.01524993 11662.83587791 299.36153375 -870.01623241 0.2217 3.6153
950 -217162.14972052 -228253.96158270 11662.61005418 299.44682903 -870.24502103 0.2210 3.6154
1000 -217172.67677392 -228266.42180572 11662.41959345 286.03149813 -854.70605978 0.2159 3.6297
1050 -217174.64458897 -228268.83526809 11662.81261152 287.13559141 -855.75752381 0.2160 3.6287
1100 -217174.83289578 -228268.85221102 11662.76192802 290.76874302 -859.51135580 0.2163 3.6249
1150 -217175.10379554 -228269.04436947 11662.80774243 295.26130680 -864.12847530 0.2165 3.6194
1200 -217175.41092372 -228269.42199508 11662.96618944 297.66842022 -866.62353831 0.2167 3.6150
1250 -217175.73708177 -228269.91511783 11663.18779246 298.18536036 -867.19511676 0.2170 3.6127
1300 -217176.07123885 -228270.41439424 11663.40644471 298.23693192 -867.30022123 0.2173 3.6112
1350 -217176.40710791 -228270.86464899 11663.59723245 298.26397759 -867.40366896 0.2176 3.6097
1400 -217176.74311960 -228271.24444605 11663.75142551 298.30987371 -867.55997275 0.2179 3.6081
1450 -217177.08014692 -228271.54799805 11663.86614497 298.38075647 -867.77905030 0.2180 3.6065
1500 -217177.39853286 -228271.76768675 11663.93953162 298.47023274 -868.04061047 0.2179 3.6051
1550 -217177.67646679 -228271.91272045 11663.97896554 298.56406926 -868.30678114 0.2178 3.6039
1600 -217177.93604581 -228272.01533181 11663.99843089 298.66271956 -868.58186444 0.2175 3.6028
1650 -217178.18129634 -228272.08745615 11664.00378679 298.76423402 -868.86186101 0.2172 3.6018
1700 -217178.41452732 -228272.13668380 11663.99884970 298.86730817 -869.14400138 0.2169 3.6009
1750 -217178.63735400 -228272.16826373 11663.98627953 298.97107019 -869.42644000 0.2165 3.6001
1800 -217178.85097610 -228272.18601404 11663.96801275 299.07491009 -869.70788490 0.2160 3.5993
1850 -217179.05635016 -228272.19283763 11663.94551087 299.17839169 -869.98741509 0.2156 3.5986
1900 -217179.25428787 -228272.19101828 11663.91990699 299.28120331 -870.26437990 0.2151 3.5980
1950 -217179.44549414 -228272.18239831 11663.89209847 299.38311864 -870.53831294 0.2146 3.5974
2000 -217180.32901658 -228272.23319266 11663.85742650 299.72801160 -871.68126202 0.2152 3.5968
2050 -217180.49992853 -228272.37249088 11663.84962872 299.74136936 -871.71843572 0.2152 3.5968
2100 -217180.52092311 -228272.37572730 11663.84511053 299.78875656 -871.77906290 0.2152 3.5966
2150 -217180.55842510 -228272.37906208 11663.83716975 299.84434277 -871.86087553 0.2151 3.5964
2200 -217180.61220676 -228272.38160767 11663.82659921 299.88939535 -871.94659365 0.2150 3.5962
2250 -217180.68193061 -228272.38293682 11663.81324977 299.92722129 -872.03946486 0.2148 3.5960
2300 -217180.76715647 -228272.38301397 11663.79687993 299.96781708 -872.14883950 0.2146 3.5958
2350 -217180.86736112 -228272.38168723 11663.77741057 300.01578192 -872.27886639 0.2143 3.5955
2400 -217180.98194851 -228272.37878665 11663.75489046 300.07168476 -872.42973708 0.2140 3.5951
2450 -217181.11026626 -228272.37410242 11663.72941090 300.13524146 -872.60081620 0.2136 3.5948
2500 -217181.25162838 -228272.36738147 11663.70109317 300.20620533 -872.79154541 0.2132 3.5944
2550 -217181.40534076 -228272.35838709 11663.67010401 300.28440241 -873.00146009 0.2127 3.5940
2600 -217181.57072842 -228272.34696904 11663.63667251 300.36968428 -873.23011618 0.2121 3.5936
2650 -217181.74716411 -228272.33311922 11663.60110317 300.46189901 -873.47704707 0.2114 3.5932
2700 -217181.92988031 -228272.31738013 11663.56461714 300.55863837 -873.73575570 0.2107 3.5928
2750 -217182.09977644 -228272.30193567 11663.53128462 300.64959075 -873.97871613 0.2099 3.5925
2800 -217182.26459213 -228272.28659002 11663.49970288 300.73867246 -874.21637745 0.2091 3.5922
2850 -217182.42550865 -228272.27159836 11663.46976172 300.82636043 -874.45003245 0.2083 3.5920
2900 -217182.58297546 -228272.25721376 11663.44146661 300.91274138 -874.67996969 0.2075 3.5919
2950 -217182.73738934 -228272.24362899 11663.41480837 300.99795881 -874.90652753 0.2066 3.5918
3000 -217182.88908578 -228272.23097946 11663.38976122 301.08210335 -875.12997089 0.2057 3.5917
3050 -217183.03837634 -228272.21934858 11663.36628169 301.16528715 -875.35059660 0.2048 3.5917
3100 -217183.18553774 -228272.20877641 11663.34431352 301.24761971 -875.56869456 0.2039 3.5918
3150 -217183.33081958 -228272.19926584 11663.32378955 301.32921093 -875.78455423 0.2029 3.5919
3200 -217183.47444824 -228272.19078908 11663.30463421 301.41017084 -875.99846421 0.2020 3.5920
3250 -217183.61662598 -228272.18329399 11663.28676639 301.49060644 -876.21070481 0.2010 3.5922
3300 -217183.75753364 -228272.17670939 11663.27010141 301.57062124 -876.42154691 0.2000 3.5924
3350 -217183.89733292 -228272.17094980 11663.25455277 301.65031467 -876.63125056 0.1989 3.5927
3400 -217184.03616766 -228272.16591955 11663.24003363 301.72978114 -876.84006289 0.1979 3.5930
3450 -217184.17416579 -228272.16151611 11663.22645801 301.80910978 -877.04821747 0.1968 3.5933
3500 -217184.31144114 -228272.15763313 11663.21374164 301.88838478 -877.25593444 0.1957 3.5936
3550 -217184.44809783 -228272.15416164 11663.20180240 301.96768443 -877.46342302 0.1946 3.5940
3600 -217184.58421643 -228272.15099470 11663.19056228 302.04707748 -877.67086149 0.1935 3.5944
3650 -217184.71988204 -228272.14802513 11663.17994518 302.12663339 -877.87843548 0.1924 3.5948
3700 -217184.85516209 -228272.14514921 11663.16987928 302.20641198 -878.08630413 0.1912 3.5953
3750 -217184.99011815 -228272.14226654 11663.16029623 302.28646902 -878.29461687 0.1901 3.5958
3800 -217185.12480389 -228272.13928076 11663.15113141 302.36685493 -878.50350947 0.1889 3.5963
3850 -217185.25926586 -228272.13610003 11663.14232386 302.44761495 -878.71310464 0.1878 3.5968
3900 -217185.39354482 -228272.13263711 11663.13381622 302.52878979 -878.92351373 0.1866 3.5974
3950 -217185.52767571 -228272.12880954 11663.12555460 302.61041551 -879.13483627 0.1854 3.5979
4000 -217185.66168854 -228272.12453966 11663.11748844 302.69252397 -879.34716129 0.1842 3.5985
4050 -217185.79560856 -228272.11975454 11663.10957038 302.77514294 -879.56056735 0.1830 3.5991
4100 -217185.92945688 -228272.11438586 11663.10175606 302.85829643 -879.77512351 0.1818 3.5997
4150 -217186.06325055 -228272.10836983 11663.09400396 302.94200478 -879.99088947 0.1806 3.6004
4200 -217186.19700313 -228272.10164691 11663.08627522 303.02628502 -880.20791646 0.1794 3.6010
4250 -217186.33072467 -228272.09416174 11663.07853350 303.11115088 -880.42624731 0.1782 3.6017
4300 -217186.46442211 -228272.08586289 11663.07074477 303.19661309 -880.64591707 0.1770 3.6024
4350 -217186.59809940 -228272.07670267 11663.06287718 303.28267950 -880.86695342 0.1758 3.6031
4400 -217186.73175771 -228272.06663691 11663.05490091 303.36935523 -881.08937693 0.1745 3.6038
4450 -217186.86539565 -228272.05562485 11663.04678800 303.45664290 -881.31320170 0.1733 3.6045
4500 -217186.99900924 -228272.04362891 11663.03851225 303.54454262 -881.53843521 0.1721 3.6052
4550 -217187.13259214 -228272.03061452 11663.03004908 303.63305221 -881.76507891 0.1709 3.6060
4600 -217187.26613566 -228272.01655003 11663.02137540 303.72216721 -881.99312824 0.1697 3.6068
4650 -217187.39962912 -228272.00140649 11663.01246955 303.81188119 -882.22257337 0.1685 3.6076
4700 -217187.53305947 -228271.98515761 11663.00331117 303.90218548 -882.45339852 0.1673 3.6084
4750 -217187.66641188 -228271.96777956 11662.99388110 303.99306968 -882.68558311 0.1661 3.6092
4800 -217187.79966962 -228271.94925094 11662.98416135 304.08452153 -882.91910156 0.1649 3.6100
4850 -217187.93281431 -228271.92955264 11662.97413497 304.17652715 -883.15392379 0.1637 3.6109
4900 -217188.06582513 -228271.90866793 11662.96378610 304.26907044 -883.39001374 0.1625 3.6117
4950 -217188.19867994 -228271.88658223 11662.95309982 304.36213397 -883.62733150 0.1613 3.6126
5000 -217188.33135499 -228271.86328315 11662.94206212 304.45569872 -883.86583267 0.1601 3.6135
5050 -217188.46382483 -228271.83876049 11662.93065994 304.54974402 -884.10546830 0.1589 3.6144
5100 -217188.59606256 -228271.81300618 11662.91888105 304.64424774 -884.34618517 0.1577 3.6153
5150 -217188.72803992 -228271.78601430 11662.90671410 304.73918635 -884.58792608 0.1565 3.6162
5200 -217188.85972708 -228271.75778118 11662.89414861 304.83453473 -884.83062923 0.1553 3.6172
5250 -217188.99109301 -228271.72830532 11662.88117492 304.93026641 -885.07422902 0.1541 3.6182
5300 -217189.12210639 -228271.69758722 11662.86778414 305.02635429 -885.31865761 0.1529 3.6191
5350 -217189.25273353 -228271.66563000 11662.85396838 305.12276897 -885.56384088 0.1517 3.6201
5400 -217189.38294074 -228271.63243880 11662.83972038 305.21948007 -885.80970238 0.1506 3.6212
5450 -217189.51269152 -228271.59802219 11662.82503455 305.31645612 -886.05616000 0.1494 3.6222
5500 -217189.64195154 -228271.56238937 11662.80990494 305.41366481 -886.30313192 0.1483 3.6232
5550 -217189.77068372 -228271.52555364 11662.79432756 305.51107166 -886.55052929 0.1471 3.6243
5600 -217189.89887071 -228271.48752998 11662.77830026 305.60865698 -886.79829798 0.1460 3.6254
5650 -217190.02643780 -228271.44833093 11662.76181403 305.70635427 -887.04627516 0.1448 3.6264
5700 -217190.15336901 -228271.40798748 11662.74487649 305.80414869 -887.29440671 0.1437 3.6276
5750 -217190.27961807 -228271.36652055 11662.72748452 305.90198997 -887.54257201 0.1426 3.6287
5800 -217190.40515227 -228271.32395520 11662.70963857 305.99984515 -887.79068080 0.1415 3.6298
5850 -217190.52993503 -228271.28032063 11662.69134060 306.09767503 -888.03863003 0.1404 3.6310
5900 -217190.65392326 -228271.23563380 11662.67257871 306.19537706 -888.28624524 0.1393 3.6321
5950 -217190.77711005 -228271.18997416 11662.65340239 306.29310949 -888.53364778 0.1382 3.6333
6000 -217190.99951516 -228270.94850853 11662.63705695 308.42798116 -891.11604474 0.1377 3.6309
6050 -217191.06889284 -228270.89212329 11662.55780976 308.23251183 -890.96709114 0.1375 3.6312
6100 -217191.09058810 -228270.92692014 11662.58247672 307.69329198 -890.43943666 0.1374 3.6321
6150 -217191.12642413 -228270.95350592 11662.59803958 307.11086395 -889.88182173 0.1371 3.6334
6200 -217191.17557002 -228270.96700096 11662.60151139 306.79083319 -889.60091364 0.1368 3.6346
6250 -217191.23770138 -228270.96552049 11662.59408864 306.71448757 -889.58075711 0.1363 3.6354
6300 -217191.31244100 -228270.95424995 11662.58084929 306.74130962 -889.68034996 0.1358 3.6361
6350 -217191.39920511 -228270.93690461 11662.56460237 306.79627914 -889.82318201 0.1352 3.6367
6400 -217191.49737217 -228270.91396750 11662.54586053 306.86255022 -889.99181542 0.1344 3.6374
6450 -217191.60630709 -228270.88495311 11662.52465261 306.93844034 -890.18444693 0.1336 3.6383
6500 -217191.72538277 -228270.84930061 11662.50097253 307.02379449 -890.40084918 0.1326 3.6392
6550 -217191.85397761 -228270.80652795 11662.47479712 307.11853080 -890.64077758 0.1316 3.6403
6600 -217191.99144592 -228270.75628052 11662.44609373 307.22248833 -890.90374746 0.1304 3.6416
6650 -217192.13599343 -228270.69880424 11662.41506840 307.33452536 -891.18678294 0.1292 3.6430
6700 -217192.27058092 -228270.64135452 11662.38537777 307.44111894 -891.45572311 0.1280 3.6443
6750 -217192.40037841 -228270.58261694 11662.35597938 307.54583965 -891.71958051 0.1269 3.6457
6800 -217192.52681357 -228270.52245257 11662.32659042 307.64951707 -891.98046849 0.1258 3.6471
6850 -217192.65015722 -228270.46112162 11662.29718314 307.75213313 -892.23835188 0.1247 3.6485
6900 -217192.77059953 -228270.39886187 11662.26774890 307.85364394 -892.49313051 0.1236 3.6499
6950 -217192.88829651 -228270.33588471 11662.23828815 307.95400657 -892.74470652 0.1225 3.6514
7000 -217193.02360669 -228269.99778246 11662.21219097 310.10222340 -895.34023861 0.1221 3.6492
7050 -217193.09372874 -228269.93653037 11662.12971021 309.90348241 -895.19039099 0.1219 3.6495
7100 -217193.11713637 -228269.97224972 11662.15410189 309.35977909 -894.65876762 0.1218 3.6504
7150 -217193.15566261 -228269.99871569 11662.16794284 308.77438987 -894.09927964 0.1215 3.6517
7200 -217193.20832687 -228270.01100764 11662.16841507 308.45542043 -893.82115473 0.1211 3.6529
7250 -217193.27454177 -228270.00644876 11662.15640964 308.38305236 -893.80755501 0.1207 3.6539
7300 -217193.35343596 -228269.99066923 11662.13755610 308.41397601 -893.91429884 0.1202 3.6548
7350 -217193.44400510 -228269.96707609 11662.11461497 308.47280654 -894.06435052 0.1195 3.6556
7400 -217193.54515730 -228269.93581643 11662.08806619 308.54323081 -894.24063787 0.1187 3.6565
7450 -217193.65577152 -228269.89609645 11662.05792264 308.62359196 -894.44118966 0.1179 3.6576
7500 -217193.77473120 -228269.84717508 11662.02420618 308.71356946 -894.66533176 0.1169 3.6588
7550 -217193.90093285 -228269.78859103 11661.98698309 308.81283937 -894.91216427 0.1159 3.6602
7600 -217194.03326692 -228269.72026189 11661.94638814 308.92088749 -895.18028066 0.1148 3.6618
7650 -217194.16354861 -228269.64668686 11661.90493253 309.03089689 -895.45269117 0.1136 3.6635
7700 -217194.28200926 -228269.57494691 11661.86605405 309.13374835 -895.70686476 0.1126 3.6651
7750 -217194.39471132 -228269.50291325 11661.82809307 309.23383240 -895.95372353 0.1116 3.6667
7800 -217194.50247972 -228269.43104576 11661.79098082 309.33129945 -896.19371423 0.1106 3.6683
7850 -217194.60592287 -228269.35974609 11661.75472380 309.42636368 -896.42726426 0.1097 3.6699
7900 -217194.70533216 -228269.28942619 11661.71932783 309.51877332 -896.65400713 0.1088 3.6715
7950 -217194.80116310 -228269.22033079 11661.68478074 309.60869508 -896.87430812 0.1079 3.6730
8000 -217194.91661936 -228268.88026133 11661.65456266 311.75637480 -899.44729549 0.1077 3.6708
8050 -217194.98676344 -228268.82281771 11661.57550739 311.50907733 -899.24853045 0.1075 3.6712
8100 -217195.00980633 -228268.85213476 11661.59457403 310.94485698 -898.69710258 0.1074 3.6721
8150 -217195.04623329 -228268.87616749 11661.60615226 310.37413230 -898.15035036 0.1071 3.6734
8200 -217195.09497292 -228268.88314103 11661.60263956 310.08138063 -897.89585209 0.1068 3.6746
8250 -217195.15522403 -228268.87194765 11661.58612360 310.02297851 -897.89237849 0.1064 3.6757
8300 -217195.22589616 -228268.84865009 11661.56239988 310.05611532 -897.99576127 0.1059 3.6765
8350 -217195.30571743 -228268.81653857 11661.53410667 310.11289707 -898.13618259 0.1053 3.6774
8400 -217195.39334707 -228268.77590249 11661.50179153 310.17979248 -898.29902859 0.1046 3.6784
8450 -217195.48746378 -228268.72639567 11661.46568227 310.25518126 -898.48193164 0.1039 3.6795
8500 -217195.58681655 -228268.66796565 11661.42610395 310.33835155 -898.68330640 0.1030 3.6808
8550 -217195.69025273 -228268.60106854 11661.38350349 310.42852599 -898.90121366 0.1022 3.6822
8600 -217195.79669299 -228268.52673712 11661.33846546 310.52467350 -899.13309483 0.1013 3.6838
8650 -217195.89378497 -228268.45513032 11661.29663554 310.61481456 -899.35010476 0.1004 3.6853
8700 -217195.98284684 -228268.38721864 11661.25792438 310.69907454 -899.55262712 0.0996 3.6868
8750 -217196.06687249 -228268.32193693 11661.22130832 310.77952655 -899.74577042 0.0989 3.6882
8800 -217196.14665142 -228268.25948673 11661.18663055 310.85652134 -899.93031658 0.0982 3.6895
8850 -217196.22280186 -228268.19997242 11661.15375180 310.93019845 -900.10677969 0.0976 3.6908
8900 -217196.29583752 -228268.14338631 11661.12252984 311.00083185 -900.27581290 0.0969 3.6920
8950 -217196.36616304 -228268.08967855 11661.09283804 311.06862690 -900.43794944 0.0964 3.6932
9000 -217196.44663932 -228267.75541364 11661.06818682 313.20319386 -902.96260636 0.0965 3.6906
9050 -217196.51478463 -228267.69648146 11660.98799203 312.94100236 -902.74729757 0.0963 3.6910
9100 -217196.53617310 -228267.72686140 11661.00707454 312.35262161 -902.16900785 0.0961 3.6918
9150 -217196.56857702 -228267.75128388 11661.01804256 311.78111214 -901.61644783 0.0959 3.6930
9200 -217196.61104091 -228267.75707376 11661.01281589 311.50008062 -901.36686365 0.0956 3.6942
9250 -217196.66264971 -228267.74456289 11660.99451844 311.44738012 -901.35998538 0.0952 3.6951
9300 -217196.72217902 -228267.72065837 11660.96938363 311.47712204 -901.44802631 0.0948 3.6959
9350 -217196.78831869 -228267.68896716 11660.94014266 311.52610993 -901.56560412 0.0943 3.6966
9400 -217196.85975939 -228267.65022746 11660.90752489 311.58287684 -901.69993366 0.0938 3.6974
9450 -217196.93528626 -228267.60473958 11660.87203834 311.64579652 -901.84838155 0.0932 3.6982
9500 -217197.01386047 -228267.55316637 11660.83430239 311.71392230 -902.00891879 0.0926 3.6992
9550 -217197.09464341 -228267.49665328 11660.79503169 311.78630195 -902.17932377 0.0919 3.7003
9600 -217197.17516755 -228267.43808391 11660.75587219 311.86018317 -902.35313900 0.0913 3.7015
9650 -217197.24602699 -228267.38591391 11660.72183206 311.92583326 -902.50777839 0.0907 3.7025
9700 -217197.31196874 -228267.33766593 11660.69076447 311.98751989 -902.65258717 0.0902 3.7035
9750 -217197.37419596 -228267.29300931 11660.66216699 312.04543346 -902.78878710 0.0897 3.7044
9800 -217197.43343719 -228267.25169112 11660.63569738 312.10022331 -902.91766675 0.0893 3.7053
9850 -217197.49019072 -228267.21347544 11660.61109231 312.15221759 -903.04002517 0.0888 3.7061
9900 -217197.54484999 -228267.17810108 11660.58811874 312.20171837 -903.15658602 0.0884 3.7068
9950 -217197.59771622 -228267.14531225 11660.56657733 312.24898344 -903.26796474 0.0881 3.7075
10000 -217197.65679919 -228266.81547841 11660.55040461 314.30934005 -905.70106544 0.0884 3.7081
10050 -217197.72440375 -228266.75081902 11660.46362597 314.10977535 -905.54698605 0.0882 3.7083
10100 -217197.74121389 -228266.78734726 11660.48761555 313.57923571 -905.02071789 0.0881 3.7087
10150 -217197.76732069 -228266.81450011 11660.50132376 312.99334627 -904.44749061 0.0879 3.7094
10200 -217197.80133865 -228266.82467946 11660.49999863 312.67513223 -904.15179006 0.0877 3.7103
10250 -217197.84302694 -228266.81665527 11660.48506767 312.59661336 -904.10805270 0.0874 3.7112
10300 -217197.89141544 -228266.79764191 11660.46304611 312.61337915 -904.17019879 0.0871 3.7122
10350 -217197.94537601 -228266.77200790 11660.43712726 312.65204687 -904.26254224 0.0867 3.7133
10400 -217198.00373915 -228266.74101808 11660.40824358 312.69745143 -904.36841609 0.0863 3.7144
10450 -217198.06540178 -228266.70509931 11660.37690384 312.74760689 -904.48481321 0.0858 3.7156
10500 -217198.12941090 -228266.66488908 11660.34371318 312.80156694 -904.60980194 0.0853 3.7167
10550 -217198.19500985 -228266.62141476 11660.30937331 312.85847431 -904.74144272 0.0848 3.7177
10600 -217198.26128899 -228266.57628352 11660.27482396 312.91709529 -904.87692472 0.0843 3.7186
10650 -217198.31960041 -228266.53668106 11660.24501026 312.96905372 -904.99698333 0.0838 3.7192
10700 -217198.37302686 -228266.50132420 11660.21850672 313.01655749 -905.10676687 0.0834 3.7197
10750 -217198.42317666 -228266.46947360 11660.19453011 313.06076375 -905.20899691 0.0831 3.7200
10800 -217198.47064631 -228266.44088836 11660.17276593 313.10206723 -905.30459111 0.0828 3.7203
10850 -217198.51598435 -228266.41522662 11660.15289275 313.14083772 -905.39448820 0.0824 3.7204
10900 -217198.55792868 -228266.39301346 11660.13531886 313.17603828 -905.47627237 0.0822 3.7205
10950 -217198.59927027 -228266.37258999 11660.11875821 313.21016705 -905.55560555 0.0819 3.7206
11000 -217198.64061763 -228266.35358705 11660.10291398 313.24361534 -905.63355990 0.0816 3.7206
11050 -217198.68067006 -228266.33647905 11660.08821154 313.27540284 -905.70780539 0.0814 3.7206
11100 -217198.71934730 -228266.32109746 11660.07457179 313.30554508 -905.77836671 0.0812 3.7205
11150 -217198.75715902 -228266.30704401 11660.06171451 313.33451975 -905.84634927 0.0809 3.7205
11200 -217198.79421098 -228266.29411945 11660.04952310 313.36247418 -905.91208880 0.0807 3.7204
11250 -217198.83058136 -228266.28215215 11660.03790040 313.38952923 -905.97585885 0.0805 3.7203
11300 -217198.86633444 -228266.27099154 11660.02676289 313.41578959 -906.03789538 0.0804 3.7202
11350 -217198.90152376 -228266.26050611 11660.01603869 313.44134620 -906.09840254 0.0802 3.7201
11400 -217198.93619417 -228266.25058149 11660.00566607 313.46627803 -906.15755679 0.0800 3.7200
11450 -217198.97038353 -228266.24111860 11659.99559213 313.49065360 -906.21551066 0.0798 3.7199
11500 -217199.00412402 -228266.23203186 11659.98577149 313.51453247 -906.27239612 0.0797 3.7198
11550 -217199.03744320 -228266.22324774 11659.97616538 313.53796635 -906.32832718 0.0795 3.7197
11600 -217199.07036486 -228266.21470314 11659.96674064 313.56100017 -906.38340252 0.0793 3.7196
11650 -217199.10290972 -228266.20634609 11659.95747039 313.58366079 -906.43769481 0.0792 3.7195
11700 -217199.13509566 -228266.19812497 11659.94832636 313.60601982 -906.49131687 0.0790 3.7193
11750 -217199.16693870 -228266.19000664 11659.93929228 313.62806740 -906.54429173 0.0789 3.7192
11800 -217199.19845286 -228266.18195647 11659.93034944 313.64984426 -906.59669010 0.0787 3.7191
11850 -217199.22965075 -228266.17394690 11659.92148313 313.67137186 -906.64855884 0.0786 3.7190
11900 -217199.26054357 -228266.16595505 11659.91268102 313.69266973 -906.69993928 0.0785 3.7189
11950 -217199.29114148 -228266.15796194 11659.90393274 313.71375490 -906.75086718 0.0783 3.7188
12000 -217199.32145366 -228266.14995203 11659.89522964 313.73464218 -906.80137344 0.0782 3.7187
12050 -217199.35148846 -228266.14191270 11659.88656450 313.75534451 -906.85148477 0.0780 3.7186
12100 -217199.38125352 -228266.13383387 11659.87793141 313.77587316 -906.90122422 0.0779 3.7185
12150 -217199.41075586 -228266.12570765 11659.86932550 313.79623799 -906.95061170 0.0778 3.7184
12200 -217199.44000195 -228266.11752800 11659.86074285 313.81644758 -906.99966439 0.0776 3.7183
12250 -217199.46899779 -228266.10929045 11659.85218033 313.83650943 -907.04839710 0.0775 3.7182
12300 -217199.49774893 -228266.10099192 11659.84363547 313.85643010 -907.09682258 0.0774 3.7181
12350 -217199.52626056 -228266.09263044 11659.83510639 313.87621532 -907.14495183 0.0773 3.7181
12400 -217199.55445747 -228266.08429408 11659.82665379 313.89545389 -907.19227106 0.0771 3.7180
12450 -217199.58246376 -228266.07575539 11659.81812766 313.91534531 -907.24018133 0.0770 3.7179
12500 -217199.61036058 -228266.06717995 11659.80961769 313.93477110 -907.28756942 0.0769 3.7178
12550 -217199.63797766 -228266.05855862 11659.80113584 313.95407301 -907.33462789 0.0768 3.7177
12600 -217199.66537012 -228266.04987777 11659.79266832 313.97325289 -907.38141356 0.0766 3.7176
12650 -217199.69253730 -228266.04114167 11659.78421674 313.99231173 -907.42792411 0.0765 3.7176
12700 -217199.71949493 -228266.03234817 11659.77577745 314.01126064 -907.47418485 0.0764 3.7175
12750 -217199.74624314 -228266.02350102 11659.76735193 314.03009929 -907.52019334 0.0763 3.7174
12800 -217199.77257350 -228266.01466357 11659.75899847 314.04867191 -907.56558031 0.0762 3.7173
12850 -217199.79908182 -228266.00567370 11659.75055956 314.06742071 -907.61138839 0.0760 3.7172
12900 -217199.82531900 -228265.99664558 11659.74214577 314.08601160 -907.65683079 0.0759 3.7172
12950 -217199.85128976 -228265.98760066 11659.73377141 314.10444649 -907.70190700 0.0758 3.7171
13000 -217199.87705714 -228265.97851842 11659.72541660 314.12277312 -907.74672844 0.0757 3.7170
13050 -217199.90262192 -228265.96940359 11659.71708303 314.14099038 -907.79129173 0.0756 3.7169
13100 -217199.92799817 -228265.96025466 11659.70876763 314.15910768 -907.83561882 0.0755 3.7169
13150 -217199.95318764 -228265.95107496 11659.70047146 314.17712534 -907.87970949 0.0753 3.7168
13200 -217199.97819326 -228265.94186714 11659.69219513 314.19504461 -907.92356585 0.0752 3.7167
13250 -217200.00301780 -228265.93263387 11659.68393924 314.21286658 -907.96718975 0.0751 3.7166
13300 -217200.02766299 -228265.92337811 11659.67570476 314.23059161 -908.01058124 0.0750 3.7166
13350 -217200.05213131 -228265.91410247 11659.66749232 314.24822059 -908.05374174 0.0749 3.7165
13400 -217200.07642460 -228265.90480970 11659.65930275 314.26575396 -908.09667161 0.0748 3.7164
13450 -217200.10054498 -228265.89550231 11659.65113675 314.28319237 -908.13937178 0.0747 3.7163
13500 -217200.12449434 -228265.88618285 11659.64299505 314.30053629 -908.18184282 0.0746 3.7163
13550 -217200.14827789 -228265.87685576 11659.63488021 314.31777252 -908.22407486 0.0745 3.7162
13600 -217200.17189270 -228265.86751502 11659.62678534 314.33494719 -908.26611020 0.0744 3.7161
13650 -217200.19534268 -228265.85817271 11659.61871981 314.35201184 -908.30790162 0.0742 3.7161
13700 -217200.21862634 -228265.84882830 11659.61068188 314.36898269 -908.34946262 0.0741 3.7160
13750 -217200.24174871 -228265.83948276 11659.60267117 314.38586198 -908.39079909 0.0740 3.7159
13800 -217200.26471058 -228265.83013849 11659.59468852 314.40264945 -908.43191006 0.0739 3.7158
13850 -217200.28751395 -228265.82079725 11659.58673433 314.41934582 -908.47279686 0.0738 3.7158
13900 -217200.31016051 -228265.81146082 11659.57880906 314.43595157 -908.51346032 0.0737 3.7157
13950 -217200.33265176 -228265.80213100 11659.57091321 314.45246706 -908.55390103 0.0736 3.7156
14000 -217200.35498939 -228265.79280940 11659.56304716 314.46889283 -908.59411998 0.0735 3.7156
14050 -217200.37717490 -228265.78349763 11659.55521133 314.48522926 -908.63411785 0.0734 3.7155
14100 -217200.39920984 -228265.77419718 11659.54740607 314.50147684 -908.67389557 0.0733 3.7154
14150 -217200.42109571 -228265.76490948 11659.53963174 314.51763600 -908.71345397 0.0732 3.7153
14200 -217200.44283399 -228265.75563590 11659.53188864 314.53370720 -908.75279394 0.0731 3.7153
14250 -217200.46442614 -228265.74637773 11659.52417709 314.54969089 -908.79191639 0.0730 3.7152
14300 -217200.48587360 -228265.73713621 11659.51649734 314.56558753 -908.83082226 0.0729 3.7151
14350 -217200.50717777 -228265.72791249 11659.50884964 314.58139756 -908.86951248 0.0728 3.7151
14400 -217200.52834004 -228265.71870769 11659.50123422 314.59712146 -908.90798804 0.0727 3.7150
14450 -217200.54936180 -228265.70952285 11659.49365130 314.61275968 -908.94624992 0.0726 3.7149
14500 -217200.57024439 -228265.70035897 11659.48610104 314.62831268 -908.98429913 0.0725 3.7148
14550 -217200.59098913 -228265.69121697 11659.47858362 314.64378092 -909.02213671 0.0724 3.7148
14600 -217200.61159736 -228265.68209775 11659.47109918 314.65916489 -909.05976368 0.0723 3.7147
14650 -217200.63207035 -228265.67300214 11659.46364787 314.67446504 -909.09718112 0.0723 3.7146
14700 -217200.65240938 -228265.66393092 11659.45622978 314.68968185 -909.13439010 0.0722 3.7146
14750 -217200.67261573 -228265.65488485 11659.44884502 314.70481579 -909.17139170 0.0721 3.7145
14800 -217200.69269063 -228265.64586461 11659.44149367 314.71986734 -909.20818703 0.0720 3.7144
14850 -217200.71263530 -228265.63687087 11659.43417579 314.73483698 -909.24477720 0.0719 3.7143
14900 -217200.73245096 -228265.62790424 11659.42689145 314.74972517 -909.28116334 0.0718 3.7143
14950 -217200.75213880 -228265.61896530 11659.41964067 314.76453240 -909.31734658 0.0717 3.7142
15000 -217200.77170001 -228265.61005460 11659.41242350 314.77925916 -909.35332806 0.0716 3.7141
15050 -217200.79113574 -228265.60117264 11659.40523993 314.79390592 -909.38910895 0.0715 3.7141
15100 -217200.81040931 -228265.59233583 11659.39810304 314.80845430 -909.42463083 0.0714 3.7140
15150 -217200.82960125 -228265.58351207 11659.39098609 314.82293473 -909.46001000 0.0713 3.7139
15200 -217200.84866738 -228265.57471895 11659.38390327 314.83734550 -909.49519721 0.0712 3.7138
15250 -217200.86761348 -228265.56595601 11659.37685380 314.85167768 -909.53018895 0.0712 3.7138
15300 -217200.88643887 -228265.55722436 11659.36983822 314.86593154 -909.56498427 0.0711 3.7137
15350 -217200.90514572 -228265.54852368 11659.36285597 314.88010880 -909.59958681 0.0710 3.7136
15400 -217200.92373477 -228265.53985453 11659.35590724 314.89420921 -909.63399670 0.0709 3.7135
15450 -217200.94220714 -228265.53121711 11659.34899189 314.90823349 -909.66821542 0.0708 3.7135
15500 -217200.96056393 -228265.52261166 11659.34210984 314.92218214 -909.70224425 0.0707 3.7134
15550 -217200.97880610 -228265.51403846 11659.33526105 314.93605560 -909.73608429 0.0706 3.7133
15600 -217200.99693471 -228265.50549770 11659.32844541 314.94985439 -909.76973681 0.0706 3.7132
15650 -217201.01495076 -228265.49698959 11659.32166284 314.96357896 -909.80320297 0.0705 3.7132
15700 -217201.03285523 -228265.48851431 11659.31491326 314.97722980 -909.83648398 0.0704 3.7131
15750 -217201.05064912 -228265.48007203 11659.30819657 314.99080739 -909.86958105 0.0703 3.7130
15800 -217201.06833339 -228265.47166288 11659.30151266 315.00431220 -909.90249536 0.0702 3.7129
15850 -217201.08590901 -228265.46328700 11659.29486143 315.01774470 -909.93522813 0.0701 3.7129
15900 -217201.10337691 -228265.45494451 11659.28824276 315.03110538 -909.96778054 0.0701 3.7128
15950 -217201.12073805 -228265.44663551 11659.28165655 315.04439469 -910.00015379 0.0700 3.7127
16000 -217201.13799334 -228265.43836008 11659.27510268 315.05761312 -910.03234906 0.0699 3.7126
16050 -217201.15514371 -228265.43011830 11659.26858101 315.07076113 -910.06436755 0.0698 3.7126
16100 -217201.17219005 -228265.42191023 11659.26209143 315.08383918 -910.09621044 0.0697 3.7125
16150 -217201.18913327 -228265.41373591 11659.25563381 315.09684775 -910.12787891 0.0697 3.7124
16200 -217201.20597425 -228265.40559540 11659.24920801 315.10978728 -910.15937414 0.0696 3.7123
16250 -217201.22271387 -228265.39748872 11659.24281391 315.12265825 -910.19069730 0.0695 3.7123
16300 -217201.23935299 -228265.38941589 11659.23645135 315.13546111 -910.22184956 0.0694 3.7122
16350 -217201.25589246 -228265.38137691 11659.23012021 315.14819632 -910.25283208 0.0693 3.7121
16400 -217201.27233315 -228265.37337179 11659.22382034 315.16086432 -910.28364602 0.0693 3.7120
16450 -217201.28867587 -228265.36540052 11659.21755160 315.17346558 -910.31429254 0.0692 3.7120
16500 -217201.30492147 -228265.35746313 11659.21131388 315.18600045 -910.34477267 0.0691 3.7119
16550 -217201.32107076 -228265.34955946 11659.20510692 315.19846966 -910.37508788 0.0690 3.7118
16600 -217201.33712454 -228265.34168962 11659.19893069 315.21087335 -910.40523897 0.0690 3.7117
16650 -217201.35308493 -228265.33385623 11659.19278541 315.22306849 -910.43508261 0.0689 3.7116
16700 -217201.36916004 -228265.32594774 11659.18658839 315.23565627 -910.46545697 0.0688 3.7116
16750 -217201.38502110 -228265.31813485 11659.18046918 315.24792910 -910.49528453 0.0687 3.7115
16800 -217201.40070116 -228265.31039892 11659.17441376 315.26007605 -910.52479206 0.0687 3.7114
16850 -217201.41628737 -228265.30269784 11659.16838926 315.27215803 -910.55413683 0.0686 3.7113
16900 -217201.43178325 -228265.29503001 11659.16239435 315.28417755 -910.58332514 0.0685 3.7113
16950 -217201.44718863 -228265.28739583 11659.15642925 315.29613435 -910.61235639 0.0684 3.7112
17000 -217201.46250487 -228265.27979490 11659.15049355 315.30802933 -910.64123285 0.0684 3.7111
17050 -217201.47773245 -228265.27222725 11659.14458719 315.31986274 -910.66995513 0.0683 3.7110
17100 -217201.49287218 -228265.26469276 11659.13870998 315.33163504 -910.69852445 0.0682 3.7110
17150 -217201.50792478 -228265.25719133 11659.13286177 315.34334667 -910.72694188 0.0681 3.7109
17200 -217201.52289094 -228265.24972288 11659.12704239 315.35499800 -910.75520844 0.0681 3.7108
17250 -217201.53777137 -228265.24228731 11659.12125169 315.36658947 -910.78332522 0.0680 3.7107
17300 -217201.55256678 -228265.23488452 11659.11548952 315.37812147 -910.81129325 0.0679 3.7106
17350 -217201.56727783 -228265.22751440 11659.10975571 315.38959442 -910.83911355 0.0679 3.7106
17400 -217201.58190523 -228265.22017685 11659.10405010 315.40100871 -910.86678718 0.0678 3.7105
17450 -217201.59644963 -228265.21287177 11659.09837254 315.41236474 -910.89431513 0.0677 3.7104
17500 -217201.61091171 -228265.20559904 11659.09272287 315.42366290 -910.92169844 0.0677 3.7103
17550 -217201.62529212 -228265.19835855 11659.08710094 315.43490360 -910.94893811 0.0676 3.7103
17600 -217201.63959152 -228265.19115018 11659.08150658 315.44608721 -910.97603513 0.0675 3.7102
17650 -217201.65381055 -228265.18397382 11659.07593965 315.45721413 -911.00299050 0.0675 3.7101
17700 -217201.66794986 -228265.17682936 11659.07039997 315.46828473 -911.02980521 0.0674 3.7100
17750 -217201.68201006 -228265.16971666 11659.06488741 315.47929941 -911.05648023 0.0673 3.7099
17800 -217201.69599180 -228265.16263561 11659.05940180 315.49025854 -911.08301652 0.0673 3.7099
17850 -217201.70989569 -228265.15558609 11659.05394299 315.50116249 -911.10941507 0.0672 3.7098
17900 -217201.72372234 -228265.14856798 11659.04851082 315.51201163 -911.13567681 0.0671 3.7097
17950 -217201.73747235 -228265.14158113 11659.04310514 315.52280635 -911.16180271 0.0671 3.7096
18000 -217201.75114633 -228265.13462544 11659.03772580 315.53354700 -911.18779369 0.0670 3.7096
18050 -217201.76474488 -228265.12770076 11659.03237264 315.54423394 -911.21365070 0.0669 3.7095
18100 -217201.77826857 -228265.12080698 11659.02704551 315.55486755 -911.23937465 0.0669 3.7094
18150 -217201.79171799 -228265.11394396 11659.02174427 315.56544817 -911.26496648 0.0668 3.7093
18200 -217201.80509372 -228265.10711157 11659.01646875 315.57597617 -911.29042708 0.0667 3.7093
18250 -217201.81839633 -228265.10030968 11659.01121881 315.58645190 -911.31575737 0.0667 3.7092
18300 -217201.83162638 -228265.09353815 11659.00599430 315.59687571 -911.34095824 0.0666 3.7091
18350 -217201.84478443 -228265.08679686 11659.00079507 315.60724795 -911.36603058 0.0666 3.7090
18400 -217201.85787103 -228265.08008567 11658.99562097 315.61756895 -911.39097528 0.0665 3.7089
18450 -217201.87088673 -228265.07340445 11658.99047185 315.62783907 -911.41579321 0.0664 3.7089
18500 -217201.88383207 -228265.06675305 11658.98534757 315.63805865 -911.44048524 0.0664 3.7088
18550 -217201.89670737 -228265.06013096 11658.98024765 315.64822760 -911.46505165 0.0663 3.7087
18600 -217201.90951397 -228265.05353924 11658.97517295 315.65834760 -911.48949528 0.0663 3.7086
18650 -217201.92225132 -228265.04697647 11658.97012228 315.66841752 -911.51381465 0.0662 3.7086
18700 -217201.93492060 -228265.04044303 11658.96509587 315.67843831 -911.53801175 0.0661 3.7085
18750 -217201.94752207 -228265.03393878 11658.96009361 315.68841016 -911.56208706 0.0661 3.7084
18800 -217201.96005633 -228265.02746354 11658.95511532 315.69833345 -911.58604156 0.0660 3.7083
18850 -217201.97252388 -228265.02101719 11658.95016085 315.70820852 -911.60987606 0.0660 3.7082
18900 -217201.98492520 -228265.01459958 11658.94523008 315.71803565 -911.63359135 0.0659 3.7082
18950 -217201.99726082 -228265.00821059 11658.94032285 315.72781519 -911.65718827 0.0658 3.7081
19000 -217202.00953119 -228265.00185007 11658.93543904 315.73754743 -911.68066759 0.0658 3.7080
19050 -217202.02173682 -228264.99551789 11658.93057850 315.74723270 -911.70403013 0.0657 3.7079
19100 -217202.03387819 -228264.98921392 11658.92574109 315.75687130 -911.72727666 0.0657 3.7079
19150 -217202.04595577 -228264.98293801 11658.92092668 315.76646354 -911.75040798 0.0656 3.7078
19200 -217202.05797002 -228264.97669004 11658.91613514 315.77600972 -911.77342484 0.0656 3.7077
19250 -217202.06992143 -228264.97046987 11658.91136633 315.78551015 -911.79632804 0.0655 3.7076
19300 -217202.08181044 -228264.96427736 11658.90662010 315.79496512 -911.81911831 0.0654 3.7076
19350 -217202.09363752 -228264.95811238 11658.90189635 315.80437494 -911.84179643 0.0654 3.7075
19400 -217202.10540313 -228264.95197479 11658.89719491 315.81373989 -911.86436315 0.0653 3.7074
19450 -217202.11710770 -228264.94586445 11658.89251568 315.82306027 -911.88681919 0.0653 3.7073
19500 -217202.12875168 -228264.93978125 11658.88785851 315.83233637 -911.90916532 0.0652 3.7073
19550 -217202.14033552 -228264.93372503 11658.88322328 315.84156848 -911.93140224 0.0652 3.7072
19600 -217202.15185964 -228264.92769568 11658.87860986 315.85075688 -911.95353070 0.0651 3.7071
19650 -217202.16332449 -228264.92169305 11658.87401811 315.85990186 -911.97555141 0.0651 3.7070
19700 -217202.17473048 -228264.91571701 11658.86944792 315.86900369 -911.99746508 0.0650 3.7070
19750 -217202.18607805 -228264.90976743 11658.86489915 315.87806266 -912.01927243 0.0650 3.7069
19800 -217202.19720948 -228264.90394416 11658.86044440 315.88678615 -912.04049587 0.0649 3.7068
19850 -217202.20841414 -228264.89803928 11658.85593816 315.89591342 -912.06222644 0.0649 3.7067
19900 -217202.21960981 -228264.89215944 11658.85144536 315.90485515 -912.08375087 0.0648 3.7067
19950 -217202.23073466 -228264.88631130 11658.84697845 315.91375047 -912.10515227 0.0647 3.7066
20000 -217202.24180032 -228264.88048999 11658.84253330 315.92260243 -912.12644605 0.0647 3.7065
